#,ボイスCPKファイル,ボイス,
#,,ダメージ１,ダメージ２,継続ダメージ,登場,本体死亡,部位１死亡,部位２死亡,部位３死亡,スキル１,スキル２,スキル３,スキル４,スキル５,スキル６,スキル７,スキル８,スキル９,スキル１０,
,,,,,,,,,,,,,,,,,,,,
,,,,,,,,,,,,,,,,,,,,
10000101,,,,,,,,,,,,,,,,,,,,
10000102,,,,,,,,,,,,,,,,,,,,
10000103,,,,,,,,,,,,,,,,,,,,
10000104,,,,,,,,,,,,,,,,,,,,
,,,,,,,,,,,,,,,,,,,,
10000201,,,,,,,,,,,,,,,,,,,,
10000202,,,,,,,,,,,,,,,,,,,,
10000203,,,,,,,,,,,,,,,,,,,,
10000204,,,,,,,,,,,,,,,,,,,,
,,,,,,,,,,,,,,,,,,,,
10000301,,,,,,,,,,,,,,,,,,,,
10000302,,,,,,,,,,,,,,,,,,,,
10000303,,,,,,,,,,,,,,,,,,,,
10000304,,,,,,,,,,,,,,,,,,,,
,,,,,,,,,,,,,,,,,,,,
10000401,,,,,,,,,,,,,,,,,,,,
10000402,,,,,,,,,,,,,,,,,,,,
10000403,,,,,,,,,,,,,,,,,,,,
10000404,,,,,,,,,,,,,,,,,,,,
10000405,,,,,,,,,,,,,,,,,,,,
10000406,,,,,,,,,,,,,,,,,,,,
10000407,,,,,,,,,,,,,,,,,,,,
10000408,,,,,,,,,,,,,,,,,,,,
10000409,,,,,,,,,,,,,,,,,,,,
10000410,,,,,,,,,,,,,,,,,,,,
,,,,,,,,,,,,,,,,,,,,
10000501,,,,,,,,,,,,,,,,,,,,
10000502,,,,,,,,,,,,,,,,,,,,
10000503,,,,,,,,,,,,,,,,,,,,
10000504,,,,,,,,,,,,,,,,,,,,
10000505,,,,,,,,,,,,,,,,,,,,
10000506,,,,,,,,,,,,,,,,,,,,
10000507,,,,,,,,,,,,,,,,,,,,
10000508,,,,,,,,,,,,,,,,,,,,
10000509,,,,,,,,,,,,,,,,,,,,
10000510,,,,,,,,,,,,,,,,,,,,
10000511,,,,,,,,,,,,,,,,,,,,
,,,,,,,,,,,,,,,,,,,,
10000601,,,,,,,,,,,,,,,,,,,,
10000602,,,,,,,,,,,,,,,,,,,,
10000603,,,,,,,,,,,,,,,,,,,,
10000604,,,,,,,,,,,,,,,,,,,,
10000605,,,,,,,,,,,,,,,,,,,,
10000606,,,,,,,,,,,,,,,,,,,,
10000607,,,,,,,,,,,,,,,,,,,,
10000608,,,,,,,,,,,,,,,,,,,,
10000609,,,,,,,,,,,,,,,,,,,,
10000610,,,,,,,,,,,,,,,,,,,,
,,,,,,,,,,,,,,,,,,,,
10000701,,,,,,,,,,,,,,,,,,,,
10000702,,,,,,,,,,,,,,,,,,,,
10000703,,,,,,,,,,,,,,,,,,,,
10000704,,,,,,,,,,,,,,,,,,,,
10000705,,,,,,,,,,,,,,,,,,,,
10000706,,,,,,,,,,,,,,,,,,,,
,,,,,,,,,,,,,,,,,,,,
10000801,,,,,,,,,,,,,,,,,,,,
10000802,,,,,,,,,,,,,,,,,,,,
10000803,,,,,,,,,,,,,,,,,,,,
10000804,,,,,,,,,,,,,,,,,,,,
10000805,,,,,,,,,,,,,,,,,,,,
10000806,,,,,,,,,,,,,,,,,,,,
,,,,,,,,,,,,,,,,,,,,
10000901,,,,,,,,,,,,,,,,,,,,
10000902,,,,,,,,,,,,,,,,,,,,
10000903,,,,,,,,,,,,,,,,,,,,
10000904,,,,,,,,,,,,,,,,,,,,
10000905,,,,,,,,,,,,,,,,,,,,
10000906,,,,,,,,,,,,,,,,,,,,
10000907,,,,,,,,,,,,,,,,,,,,
,,,,,,,,,,,,,,,,,,,,
10001001,,,,,,,,,,,,,,,,,,,,
10001002,,,,,,,,,,,,,,,,,,,,
10001003,,,,,,,,,,,,,,,,,,,,
10001004,,,,,,,,,,,,,,,,,,,,
10001005,,,,,,,,,,,,,,,,,,,,
10001006,,,,,,,,,,,,,,,,,,,,
10001007,,,,,,,,,,,,,,,,,,,,
10001008,,,,,,,,,,,,,,,,,,,,
10001009,,,,,,,,,,,,,,,,,,,,
,,,,,,,,,,,,,,,,,,,,
10001101,,,,,,,,,,,,,,,,,,,,
10001102,,,,,,,,,,,,,,,,,,,,
10001103,,,,,,,,,,,,,,,,,,,,
10001104,,,,,,,,,,,,,,,,,,,,
10001105,,,,,,,,,,,,,,,,,,,,
10001106,,,,,,,,,,,,,,,,,,,,
10001107,,,,,,,,,,,,,,,,,,,,
10001108,,,,,,,,,,,,,,,,,,,,
10001109,,,,,,,,,,,,,,,,,,,,
,,,,,,,,,,,,,,,,,,,,
10001201,,,,,,,,,,,,,,,,,,,,
10001202,,,,,,,,,,,,,,,,,,,,
10001203,,,,,,,,,,,,,,,,,,,,
10001204,,,,,,,,,,,,,,,,,,,,
10001205,,,,,,,,,,,,,,,,,,,,
10001206,,,,,,,,,,,,,,,,,,,,
10001207,,,,,,,,,,,,,,,,,,,,
10001208,,,,,,,,,,,,,,,,,,,,
10001209,,,,,,,,,,,,,,,,,,,,
,,,,,,,,,,,,,,,,,,,,
10001301,,,,,,,,,,,,,,,,,,,,
10001302,,,,,,,,,,,,,,,,,,,,
10001303,,,,,,,,,,,,,,,,,,,,
10001304,,,,,,,,,,,,,,,,,,,,
10001305,,,,,,,,,,,,,,,,,,,,
10001306,,,,,,,,,,,,,,,,,,,,
10001307,,,,,,,,,,,,,,,,,,,,
10001308,,,,,,,,,,,,,,,,,,,,
10001309,,,,,,,,,,,,,,,,,,,,
10001310,,,,,,,,,,,,,,,,,,,,
10001311,,,,,,,,,,,,,,,,,,,,
10001312,,,,,,,,,,,,,,,,,,,,
,,,,,,,,,,,,,,,,,,,,
10001401,,,,,,,,,,,,,,,,,,,,
10001402,,,,,,,,,,,,,,,,,,,,
10001403,,,,,,,,,,,,,,,,,,,,
10001404,,,,,,,,,,,,,,,,,,,,
10001405,,,,,,,,,,,,,,,,,,,,
10001406,,,,,,,,,,,,,,,,,,,,
10001407,,,,,,,,,,,,,,,,,,,,
10001408,,,,,,,,,,,,,,,,,,,,
,,,,,,,,,,,,,,,,,,,,
10001501,,,,,,,,,,,,,,,,,,,,
10001502,,,,,,,,,,,,,,,,,,,,
10001503,,,,,,,,,,,,,,,,,,,,
10001504,,,,,,,,,,,,,,,,,,,,
10001505,,,,,,,,,,,,,,,,,,,,
10001506,,,,,,,,,,,,,,,,,,,,
10001507,,,,,,,,,,,,,,,,,,,,
10001508,,,,,,,,,,,,,,,,,,,,
10001509,,,,,,,,,,,,,,,,,,,,
10001510,,,,,,,,,,,,,,,,,,,,
10001511,,,,,,,,,,,,,,,,,,,,
10001512,,,,,,,,,,,,,,,,,,,,
10001513,,,,,,,,,,,,,,,,,,,,
,,,,,,,,,,,,,,,,,,,,
10001601,,,,,,,,,,,,,,,,,,,,
10001602,,,,,,,,,,,,,,,,,,,,
10001603,,,,,,,,,,,,,,,,,,,,
10001604,,,,,,,,,,,,,,,,,,,,
10001605,,,,,,,,,,,,,,,,,,,,
10001606,,,,,,,,,,,,,,,,,,,,
10001607,,,,,,,,,,,,,,,,,,,,
10001608,,,,,,,,,,,,,,,,,,,,
10001609,,,,,,,,,,,,,,,,,,,,
10001610,,,,,,,,,,,,,,,,,,,,
10001611,,,,,,,,,,,,,,,,,,,,
10001612,,,,,,,,,,,,,,,,,,,,
10001613,,,,,,,,,,,,,,,,,,,,
10001614,,,,,,,,,,,,,,,,,,,,
,,,,,,,,,,,,,,,,,,,,
10001701,,,,,,,,,,,,,,,,,,,,
10001702,,,,,,,,,,,,,,,,,,,,
10001703,,,,,,,,,,,,,,,,,,,,
10001704,,,,,,,,,,,,,,,,,,,,
10001705,,,,,,,,,,,,,,,,,,,,
10001706,,,,,,,,,,,,,,,,,,,,
10001707,,,,,,,,,,,,,,,,,,,,
10001708,,,,,,,,,,,,,,,,,,,,
10001709,,,,,,,,,,,,,,,,,,,,
10001710,,,,,,,,,,,,,,,,,,,,
10001711,,,,,,,,,,,,,,,,,,,,
10001712,,,,,,,,,,,,,,,,,,,,
10001713,,,,,,,,,,,,,,,,,,,,
10001714,,,,,,,,,,,,,,,,,,,,
,,,,,,,,,,,,,,,,,,,,
10001801,,,,,,,,,,,,,,,,,,,,
10001802,,,,,,,,,,,,,,,,,,,,
10001803,,,,,,,,,,,,,,,,,,,,
10001804,,,,,,,,,,,,,,,,,,,,
10001805,,,,,,,,,,,,,,,,,,,,
10001806,,,,,,,,,,,,,,,,,,,,
10001807,,,,,,,,,,,,,,,,,,,,
,,,,,,,,,,,,,,,,,,,,
,,,,,,,,,,,,,,,,,,,,
,,,,,,,,,,,,,,,,,,,,
20000001,,,,,,,,,,,,,,,,,,,,
20000002,,,,,,,,,,,,,,,,,,,,
,,,,,,,,,,,,,,,,,,,,
20000011,,,,,,,,,,,,,,,,,,,,
20000012,,,,,,,,,,,,,,,,,,,,
20000013,,,,,,,,,,,,,,,,,,,,
,,,,,,,,,,,,,,,,,,,,
20000021,,,,,,,,,,,,,,,,,,,,
20000022,,,,,,,,,,,,,,,,,,,,
20000023,,,,,,,,,,,,,,,,,,,,
,,,,,,,,,,,,,,,,,,,,
20000014,,,,,,,,,,,,,,,,,,,,
,,,,,,,,,,,,,,,,,,,,
20000033,,,,,,,,,,,,,,,,,,,,
,,,,,,,,,,,,,,,,,,,,
20000043,,,,,,,,,,,,,,,,,,,,
20000053,,,,,,,,,,,,,,,,,,,,
20000063,,,,,,,,,,,,,,,,,,,,
,,,,,,,,,,,,,,,,,,,,
,,,,,,,,,,,,,,,,,,,,
20000101,,,,,,,,,,,,,,,,,,,,
20000102,,,,,,,,,,,,,,,,,,,,
20000103,,,,,,,,,,,,,,,,,,,,
20000104,,,,,,,,,,,,,,,,,,,,
,,,,,,,,,,,,,,,,,,,,
20000111,,,,,,,,,,,,,,,,,,,,
20000112,,,,,,,,,,,,,,,,,,,,
20000113,,,,,,,,,,,,,,,,,,,,
20000114,,,,,,,,,,,,,,,,,,,,
20000115,,,,,,,,,,,,,,,,,,,,
20000116,,,,,,,,,,,,,,,,,,,,
,,,,,,,,,,,,,,,,,,,,
20000121,,,,,,,,,,,,,,,,,,,,
20000122,,,,,,,,,,,,,,,,,,,,
20000123,,,,,,,,,,,,,,,,,,,,
20000124,,,,,,,,,,,,,,,,,,,,
20000125,,,,,,,,,,,,,,,,,,,,
20000126,,,,,,,,,,,,,,,,,,,,
20000127,,,,,,,,,,,,,,,,,,,,
20000128,,,,,,,,,,,,,,,,,,,,
20000129,,,,,,,,,,,,,,,,,,,,
,,,,,,,,,,,,,,,,,,,,
,,,,,,,,,,,,,,,,,,,,
20000201,,,,,,,,,,,,,,,,,,,,
20000202,,,,,,,,,,,,,,,,,,,,
,,,,,,,,,,,,,,,,,,,,
20000211,,,,,,,,,,,,,,,,,,,,
20000212,,,,,,,,,,,,,,,,,,,,
20000213,,,,,,,,,,,,,,,,,,,,
,,,,,,,,,,,,,,,,,,,,
20000221,,,,,,,,,,,,,,,,,,,,
20000222,,,,,,,,,,,,,,,,,,,,
20000223,,,,,,,,,,,,,,,,,,,,
20000224,,,,,,,,,,,,,,,,,,,,
20000225,,,,,,,,,,,,,,,,,,,,
,,,,,,,,,,,,,,,,,,,,
,,,,,,,,,,,,,,,,,,,,
20000301,,,,,,,,,,,,,,,,,,,,
20000302,,,,,,,,,,,,,,,,,,,,
,,,,,,,,,,,,,,,,,,,,
20000311,,,,,,,,,,,,,,,,,,,,
20000312,,,,,,,,,,,,,,,,,,,,
20000313,,,,,,,,,,,,,,,,,,,,
,,,,,,,,,,,,,,,,,,,,
20000321,,,,,,,,,,,,,,,,,,,,
20000322,,,,,,,,,,,,,,,,,,,,
20000323,,,,,,,,,,,,,,,,,,,,
20000324,,,,,,,,,,,,,,,,,,,,
20000325,,,,,,,,,,,,,,,,,,,,
,,,,,,,,,,,,,,,,,,,,
,,,,,,,,,,,,,,,,,,,,
20000401,,,,,,,,,,,,,,,,,,,,
20000402,,,,,,,,,,,,,,,,,,,,
,,,,,,,,,,,,,,,,,,,,
20000411,,,,,,,,,,,,,,,,,,,,
20000412,,,,,,,,,,,,,,,,,,,,
20000413,,,,,,,,,,,,,,,,,,,,
,,,,,,,,,,,,,,,,,,,,
20000421,,,,,,,,,,,,,,,,,,,,
20000422,,,,,,,,,,,,,,,,,,,,
20000423,,,,,,,,,,,,,,,,,,,,
20000424,,,,,,,,,,,,,,,,,,,,
20000425,,,,,,,,,,,,,,,,,,,,
,,,,,,,,,,,,,,,,,,,,
,,,,,,,,,,,,,,,,,,,,
20000501,,,,,,,,,,,,,,,,,,,,
20000502,,,,,,,,,,,,,,,,,,,,
,,,,,,,,,,,,,,,,,,,,
20000511,,,,,,,,,,,,,,,,,,,,
20000512,,,,,,,,,,,,,,,,,,,,
20000513,,,,,,,,,,,,,,,,,,,,
,,,,,,,,,,,,,,,,,,,,
20000521,,,,,,,,,,,,,,,,,,,,
20000522,,,,,,,,,,,,,,,,,,,,
20000523,,,,,,,,,,,,,,,,,,,,
20000524,,,,,,,,,,,,,,,,,,,,
,,,,,,,,,,,,,,,,,,,,
,,,,,,,,,,,,,,,,,,,,
20000601,,,,,,,,,,,,,,,,,,,,
20000602,,,,,,,,,,,,,,,,,,,,
20000603,,,,,,,,,,,,,,,,,,,,
20000604,,,,,,,,,,,,,,,,,,,,
20000605,,,,,,,,,,,,,,,,,,,,
20000606,,,,,,,,,,,,,,,,,,,,
,,,,,,,,,,,,,,,,,,,,
20000611,,,,,,,,,,,,,,,,,,,,
20000612,,,,,,,,,,,,,,,,,,,,
20000613,,,,,,,,,,,,,,,,,,,,
20000614,,,,,,,,,,,,,,,,,,,,
20000615,,,,,,,,,,,,,,,,,,,,
20000616,,,,,,,,,,,,,,,,,,,,
20000617,,,,,,,,,,,,,,,,,,,,
20000618,,,,,,,,,,,,,,,,,,,,
20000619,,,,,,,,,,,,,,,,,,,,
,,,,,,,,,,,,,,,,,,,,
20000621,,,,,,,,,,,,,,,,,,,,
20000622,,,,,,,,,,,,,,,,,,,,
20000623,,,,,,,,,,,,,,,,,,,,
20000624,,,,,,,,,,,,,,,,,,,,
20000625,,,,,,,,,,,,,,,,,,,,
20000626,,,,,,,,,,,,,,,,,,,,
20000627,,,,,,,,,,,,,,,,,,,,
20000628,,,,,,,,,,,,,,,,,,,,
20000629,,,,,,,,,,,,,,,,,,,,
20000630,,,,,,,,,,,,,,,,,,,,
20000631,,,,,,,,,,,,,,,,,,,,
20000632,,,,,,,,,,,,,,,,,,,,
20000633,,,,,,,,,,,,,,,,,,,,
,,,,,,,,,,,,,,,,,,,,
,,,,,,,,,,,,,,,,,,,,
20000701,,,,,,,,,,,,,,,,,,,,
20000702,,,,,,,,,,,,,,,,,,,,
20000703,,,,,,,,,,,,,,,,,,,,
20000704,,,,,,,,,,,,,,,,,,,,
,,,,,,,,,,,,,,,,,,,,
20000711,,,,,,,,,,,,,,,,,,,,
20000712,,,,,,,,,,,,,,,,,,,,
20000713,,,,,,,,,,,,,,,,,,,,
20000714,,,,,,,,,,,,,,,,,,,,
20000715,,,,,,,,,,,,,,,,,,,,
20000716,,,,,,,,,,,,,,,,,,,,
,,,,,,,,,,,,,,,,,,,,
20000721,,,,,,,,,,,,,,,,,,,,
20000722,,,,,,,,,,,,,,,,,,,,
20000723,,,,,,,,,,,,,,,,,,,,
20000724,,,,,,,,,,,,,,,,,,,,
20000725,,,,,,,,,,,,,,,,,,,,
20000726,,,,,,,,,,,,,,,,,,,,
20000727,,,,,,,,,,,,,,,,,,,,
20000728,,,,,,,,,,,,,,,,,,,,
20000729,,,,,,,,,,,,,,,,,,,,
,,,,,,,,,,,,,,,,,,,,
,,,,,,,,,,,,,,,,,,,,
20001111,,,,,,,,,,,,,,,,,,,,
20001112,,,,,,,,,,,,,,,,,,,,
,,,,,,,,,,,,,,,,,,,,
20001121,,,,,,,,,,,,,,,,,,,,
20001122,,,,,,,,,,,,,,,,,,,,
20001123,,,,,,,,,,,,,,,,,,,,
,,,,,,,,,,,,,,,,,,,,
20001131,,,,,,,,,,,,,,,,,,,,
20001132,,,,,,,,,,,,,,,,,,,,
20001133,,,,,,,,,,,,,,,,,,,,
20001134,,,,,,,,,,,,,,,,,,,,
20001135,,,,,,,,,,,,,,,,,,,,
,,,,,,,,,,,,,,,,,,,,
,,,,,,,,,,,,,,,,,,,,
20001211,,,,,,,,,,,,,,,,,,,,
20001212,,,,,,,,,,,,,,,,,,,,
,,,,,,,,,,,,,,,,,,,,
20001221,,,,,,,,,,,,,,,,,,,,
20001222,,,,,,,,,,,,,,,,,,,,
20001223,,,,,,,,,,,,,,,,,,,,
,,,,,,,,,,,,,,,,,,,,
20001231,,,,,,,,,,,,,,,,,,,,
20001232,,,,,,,,,,,,,,,,,,,,
20001233,,,,,,,,,,,,,,,,,,,,
20001234,,,,,,,,,,,,,,,,,,,,
20001235,,,,,,,,,,,,,,,,,,,,
,,,,,,,,,,,,,,,,,,,,
,,,,,,,,,,,,,,,,,,,,
20001311,,,,,,,,,,,,,,,,,,,,
20001312,,,,,,,,,,,,,,,,,,,,
,,,,,,,,,,,,,,,,,,,,
20001321,,,,,,,,,,,,,,,,,,,,
20001322,,,,,,,,,,,,,,,,,,,,
20001323,,,,,,,,,,,,,,,,,,,,
,,,,,,,,,,,,,,,,,,,,
20001331,,,,,,,,,,,,,,,,,,,,
20001332,,,,,,,,,,,,,,,,,,,,
20001333,,,,,,,,,,,,,,,,,,,,
20001334,,,,,,,,,,,,,,,,,,,,
20001335,,,,,,,,,,,,,,,,,,,,
,,,,,,,,,,,,,,,,,,,,
,,,,,,,,,,,,,,,,,,,,
20001411,,,,,,,,,,,,,,,,,,,,
20001412,,,,,,,,,,,,,,,,,,,,
,,,,,,,,,,,,,,,,,,,,
20001421,,,,,,,,,,,,,,,,,,,,
20001422,,,,,,,,,,,,,,,,,,,,
20001423,,,,,,,,,,,,,,,,,,,,
,,,,,,,,,,,,,,,,,,,,
20001431,,,,,,,,,,,,,,,,,,,,
20001432,,,,,,,,,,,,,,,,,,,,
20001433,,,,,,,,,,,,,,,,,,,,
20001434,,,,,,,,,,,,,,,,,,,,
20001435,,,,,,,,,,,,,,,,,,,,
,,,,,,,,,,,,,,,,,,,,
,,,,,,,,,,,,,,,,,,,,
20001511,,,,,,,,,,,,,,,,,,,,
20001512,,,,,,,,,,,,,,,,,,,,
,,,,,,,,,,,,,,,,,,,,
20001521,,,,,,,,,,,,,,,,,,,,
20001522,,,,,,,,,,,,,,,,,,,,
20001523,,,,,,,,,,,,,,,,,,,,
,,,,,,,,,,,,,,,,,,,,
20001531,,,,,,,,,,,,,,,,,,,,
20001532,,,,,,,,,,,,,,,,,,,,
20001533,,,,,,,,,,,,,,,,,,,,
20001534,,,,,,,,,,,,,,,,,,,,
20001535,,,,,,,,,,,,,,,,,,,,
,,,,,,,,,,,,,,,,,,,,
,,,,,,,,,,,,,,,,,,,,
20001611,,,,,,,,,,,,,,,,,,,,
20001612,,,,,,,,,,,,,,,,,,,,
,,,,,,,,,,,,,,,,,,,,
20001621,,,,,,,,,,,,,,,,,,,,
20001622,,,,,,,,,,,,,,,,,,,,
20001623,,,,,,,,,,,,,,,,,,,,
,,,,,,,,,,,,,,,,,,,,
20001631,,,,,,,,,,,,,,,,,,,,
20001632,,,,,,,,,,,,,,,,,,,,
20001633,,,,,,,,,,,,,,,,,,,,
20001634,,,,,,,,,,,,,,,,,,,,
,,,,,,,,,,,,,,,,,,,,
,,,,,,,,,,,,,,,,,,,,
,,,,,,,,,,,,,,,,,,,,
30010121,,,,,,,,,,,,,,,,,,,,
30010122,,,,,,,,,,,,,,,,,,,,
,,,,,,,,,,,,,,,,,,,,
30010131,,,,,,,,,,,,,,,,,,,,
30010132,,,,,,,,,,,,,,,,,,,,
30010133,,,,,,,,,,,,,,,,,,,,
,,,,,,,,,,,,,,,,,,,,
30010141,,,,,,,,,,,,,,,,,,,,
30010142,,,,,,,,,,,,,,,,,,,,
30010143,,,,,,,,,,,,,,,,,,,,
,,,,,,,,,,,,,,,,,,,,
30010151,,,,,,,,,,,,,,,,,,,,
30010152,,,,,,,,,,,,,,,,,,,,
30010153,,,,,,,,,,,,,,,,,,,,
,,,,,,,,,,,,,,,,,,,,
,,,,,,,,,,,,,,,,,,,,
30010221,,,,,,,,,,,,,,,,,,,,
30010222,,,,,,,,,,,,,,,,,,,,
,,,,,,,,,,,,,,,,,,,,
30010231,,,,,,,,,,,,,,,,,,,,
30010232,,,,,,,,,,,,,,,,,,,,
30010233,,,,,,,,,,,,,,,,,,,,
,,,,,,,,,,,,,,,,,,,,
30010241,,,,,,,,,,,,,,,,,,,,
30010242,,,,,,,,,,,,,,,,,,,,
30010243,,,,,,,,,,,,,,,,,,,,
,,,,,,,,,,,,,,,,,,,,
30010251,,,,,,,,,,,,,,,,,,,,
30010252,,,,,,,,,,,,,,,,,,,,
30010253,,,,,,,,,,,,,,,,,,,,
,,,,,,,,,,,,,,,,,,,,
,,,,,,,,,,,,,,,,,,,,
30020121,,,,,,,,,,,,,,,,,,,,
30020122,,,,,,,,,,,,,,,,,,,,
,,,,,,,,,,,,,,,,,,,,
30020131,,,,,,,,,,,,,,,,,,,,
30020132,,,,,,,,,,,,,,,,,,,,
30020133,,,,,,,,,,,,,,,,,,,,
30020134,,,,,,,,,,,,,,,,,,,,
,,,,,,,,,,,,,,,,,,,,
30020141,,,,,,,,,,,,,,,,,,,,
30020142,,,,,,,,,,,,,,,,,,,,
30020143,,,,,,,,,,,,,,,,,,,,
30020144,,,,,,,,,,,,,,,,,,,,
,,,,,,,,,,,,,,,,,,,,
30020151,,,,,,,,,,,,,,,,,,,,
30020152,,,,,,,,,,,,,,,,,,,,
30020153,,,,,,,,,,,,,,,,,,,,
30020154,,,,,,,,,,,,,,,,,,,,
,,,,,,,,,,,,,,,,,,,,
,,,,,,,,,,,,,,,,,,,,
30020221,,,,,,,,,,,,,,,,,,,,
30020222,,,,,,,,,,,,,,,,,,,,
,,,,,,,,,,,,,,,,,,,,
30020231,,,,,,,,,,,,,,,,,,,,
30020232,,,,,,,,,,,,,,,,,,,,
30020233,,,,,,,,,,,,,,,,,,,,
30020234,,,,,,,,,,,,,,,,,,,,
,,,,,,,,,,,,,,,,,,,,
30020241,,,,,,,,,,,,,,,,,,,,
30020242,,,,,,,,,,,,,,,,,,,,
30020243,,,,,,,,,,,,,,,,,,,,
30020244,,,,,,,,,,,,,,,,,,,,
,,,,,,,,,,,,,,,,,,,,
,,,,,,,,,,,,,,,,,,,,
30020321,,,,,,,,,,,,,,,,,,,,
30020322,,,,,,,,,,,,,,,,,,,,
,,,,,,,,,,,,,,,,,,,,
30020331,,,,,,,,,,,,,,,,,,,,
30020332,,,,,,,,,,,,,,,,,,,,
30020333,,,,,,,,,,,,,,,,,,,,
30020334,,,,,,,,,,,,,,,,,,,,
,,,,,,,,,,,,,,,,,,,,
30020341,,,,,,,,,,,,,,,,,,,,
30020342,,,,,,,,,,,,,,,,,,,,
30020343,,,,,,,,,,,,,,,,,,,,
30020344,,,,,,,,,,,,,,,,,,,,
,,,,,,,,,,,,,,,,,,,,
30020351,,,,,,,,,,,,,,,,,,,,
30020352,,,,,,,,,,,,,,,,,,,,
30020353,,,,,,,,,,,,,,,,,,,,
30020354,,,,,,,,,,,,,,,,,,,,
,,,,,,,,,,,,,,,,,,,,
,,,,,,,,,,,,,,,,,,,,
30020421,,,,,,,,,,,,,,,,,,,,
30020422,,,,,,,,,,,,,,,,,,,,
,,,,,,,,,,,,,,,,,,,,
30020431,,,,,,,,,,,,,,,,,,,,
30020432,,,,,,,,,,,,,,,,,,,,
30020433,,,,,,,,,,,,,,,,,,,,
30020434,,,,,,,,,,,,,,,,,,,,
,,,,,,,,,,,,,,,,,,,,
30020441,,,,,,,,,,,,,,,,,,,,
30020442,,,,,,,,,,,,,,,,,,,,
30020443,,,,,,,,,,,,,,,,,,,,
30020444,,,,,,,,,,,,,,,,,,,,
,,,,,,,,,,,,,,,,,,,,
30020451,,,,,,,,,,,,,,,,,,,,
30020452,,,,,,,,,,,,,,,,,,,,
30020453,,,,,,,,,,,,,,,,,,,,
30020454,,,,,,,,,,,,,,,,,,,,
,,,,,,,,,,,,,,,,,,,,
,,,,,,,,,,,,,,,,,,,,
30020521,,,,,,,,,,,,,,,,,,,,
30020522,,,,,,,,,,,,,,,,,,,,
,,,,,,,,,,,,,,,,,,,,
30020531,,,,,,,,,,,,,,,,,,,,
30020532,,,,,,,,,,,,,,,,,,,,
30020533,,,,,,,,,,,,,,,,,,,,
30020534,,,,,,,,,,,,,,,,,,,,
,,,,,,,,,,,,,,,,,,,,
30020541,,,,,,,,,,,,,,,,,,,,
30020542,,,,,,,,,,,,,,,,,,,,
30020543,,,,,,,,,,,,,,,,,,,,
30020544,,,,,,,,,,,,,,,,,,,,
,,,,,,,,,,,,,,,,,,,,
30020551,,,,,,,,,,,,,,,,,,,,
30020552,,,,,,,,,,,,,,,,,,,,
30020553,,,,,,,,,,,,,,,,,,,,
30020554,,,,,,,,,,,,,,,,,,,,
,,,,,,,,,,,,,,,,,,,,
,,,,,,,,,,,,,,,,,,,,
30030121,,,,,,,,,,,,,,,,,,,,
30030122,,,,,,,,,,,,,,,,,,,,
,,,,,,,,,,,,,,,,,,,,
30030131,,,,,,,,,,,,,,,,,,,,
30030132,,,,,,,,,,,,,,,,,,,,
30030133,,,,,,,,,,,,,,,,,,,,
,,,,,,,,,,,,,,,,,,,,
30030141,,,,,,,,,,,,,,,,,,,,
30030142,,,,,,,,,,,,,,,,,,,,
30030143,,,,,,,,,,,,,,,,,,,,
,,,,,,,,,,,,,,,,,,,,
30030151,,,,,,,,,,,,,,,,,,,,
30030152,,,,,,,,,,,,,,,,,,,,
30030153,,,,,,,,,,,,,,,,,,,,
,,,,,,,,,,,,,,,,,,,,
,,,,,,,,,,,,,,,,,,,,
30040121,,,,,,,,,,,,,,,,,,,,
30040122,,,,,,,,,,,,,,,,,,,,
,,,,,,,,,,,,,,,,,,,,
30040131,,,,,,,,,,,,,,,,,,,,
30040132,,,,,,,,,,,,,,,,,,,,
30040133,,,,,,,,,,,,,,,,,,,,
,,,,,,,,,,,,,,,,,,,,
30040141,,,,,,,,,,,,,,,,,,,,
30040142,,,,,,,,,,,,,,,,,,,,
30040143,,,,,,,,,,,,,,,,,,,,
,,,,,,,,,,,,,,,,,,,,
30040151,,,,,,,,,,,,,,,,,,,,
30040152,,,,,,,,,,,,,,,,,,,,
30040153,,,,,,,,,,,,,,,,,,,,
,,,,,,,,,,,,,,,,,,,,
,,,,,,,,,,,,,,,,,,,,
30050121,,,,,,,,,,,,,,,,,,,,
30050122,,,,,,,,,,,,,,,,,,,,
,,,,,,,,,,,,,,,,,,,,
30050131,,,,,,,,,,,,,,,,,,,,
30050132,,,,,,,,,,,,,,,,,,,,
30050133,,,,,,,,,,,,,,,,,,,,
,,,,,,,,,,,,,,,,,,,,
30050141,,,,,,,,,,,,,,,,,,,,
30050142,,,,,,,,,,,,,,,,,,,,
30050143,,,,,,,,,,,,,,,,,,,,
,,,,,,,,,,,,,,,,,,,,
30050151,,,,,,,,,,,,,,,,,,,,
30050152,,,,,,,,,,,,,,,,,,,,
30050153,,,,,,,,,,,,,,,,,,,,
,,,,,,,,,,,,,,,,,,,,
,,,,,,,,,,,,,,,,,,,,
30060121,,,,,,,,,,,,,,,,,,,,
30060122,,,,,,,,,,,,,,,,,,,,
,,,,,,,,,,,,,,,,,,,,
30060131,,,,,,,,,,,,,,,,,,,,
30060132,,,,,,,,,,,,,,,,,,,,
30060133,,,,,,,,,,,,,,,,,,,,
30060134,,,,,,,,,,,,,,,,,,,,
,,,,,,,,,,,,,,,,,,,,
30060141,,,,,,,,,,,,,,,,,,,,
30060142,,,,,,,,,,,,,,,,,,,,
30060143,,,,,,,,,,,,,,,,,,,,
30060144,,,,,,,,,,,,,,,,,,,,
,,,,,,,,,,,,,,,,,,,,
30060151,,,,,,,,,,,,,,,,,,,,
30060152,,,,,,,,,,,,,,,,,,,,
30060153,,,,,,,,,,,,,,,,,,,,
30060154,,,,,,,,,,,,,,,,,,,,
,,,,,,,,,,,,,,,,,,,,
,,,,,,,,,,,,,,,,,,,,
30070121,,,,,,,,,,,,,,,,,,,,
30070122,,,,,,,,,,,,,,,,,,,,
,,,,,,,,,,,,,,,,,,,,
30070131,,,,,,,,,,,,,,,,,,,,
30070132,,,,,,,,,,,,,,,,,,,,
30070133,,,,,,,,,,,,,,,,,,,,
,,,,,,,,,,,,,,,,,,,,
30070141,,,,,,,,,,,,,,,,,,,,
30070142,,,,,,,,,,,,,,,,,,,,
30070143,,,,,,,,,,,,,,,,,,,,
,,,,,,,,,,,,,,,,,,,,
30070151,,,,,,,,,,,,,,,,,,,,
30070152,,,,,,,,,,,,,,,,,,,,
30070153,,,,,,,,,,,,,,,,,,,,
,,,,,,,,,,,,,,,,,,,,
,,,,,,,,,,,,,,,,,,,,
30080121,,,,,,,,,,,,,,,,,,,,
30080122,,,,,,,,,,,,,,,,,,,,
,,,,,,,,,,,,,,,,,,,,
30080131,,,,,,,,,,,,,,,,,,,,
30080132,,,,,,,,,,,,,,,,,,,,
30080133,,,,,,,,,,,,,,,,,,,,
,,,,,,,,,,,,,,,,,,,,
30080141,,,,,,,,,,,,,,,,,,,,
30080142,,,,,,,,,,,,,,,,,,,,
30080143,,,,,,,,,,,,,,,,,,,,
,,,,,,,,,,,,,,,,,,,,
30080151,,,,,,,,,,,,,,,,,,,,
30080152,,,,,,,,,,,,,,,,,,,,
30080153,,,,,,,,,,,,,,,,,,,,
,,,,,,,,,,,,,,,,,,,,
,,,,,,,,,,,,,,,,,,,,
30090121,cv_tb_001.cpk,,,,,,,,,,,,,,,,,,,
30090122,,,,,,,,,,,,,,,,,,,,
30090123,,,,,,,,,,,,,,,,,,,,
,,,,,,,,,,,,,,,,,,,,
30090131,cv_tb_001.cpk,,,,,,,,,,,,,,,,,,,
30090132,,,,,,,,,,,,,,,,,,,,
30090133,,,,,,,,,,,,,,,,,,,,
,,,,,,,,,,,,,,,,,,,,
30090141,cv_tb_001.cpk,,,,,,,,,,,,,,,,,,,
30090142,,,,,,,,,,,,,,,,,,,,
30090143,,,,,,,,,,,,,,,,,,,,
,,,,,,,,,,,,,,,,,,,,
30090151,cv_tb_001.cpk,,,,,,,,,,,,,,,,,,,
30090152,,,,,,,,,,,,,,,,,,,,
30090153,,,,,,,,,,,,,,,,,,,,
,,,,,,,,,,,,,,,,,,,,
,,,,,,,,,,,,,,,,,,,,
30100121,cv_tb_002.cpk,,,,,,,,,,,,,,,,,,,
30100122,,,,,,,,,,,,,,,,,,,,
30100123,,,,,,,,,,,,,,,,,,,,
,,,,,,,,,,,,,,,,,,,,
30100131,cv_tb_002.cpk,,,,,,,,,,,,,,,,,,,
30100132,,,,,,,,,,,,,,,,,,,,
30100133,,,,,,,,,,,,,,,,,,,,
,,,,,,,,,,,,,,,,,,,,
30100141,cv_tb_002.cpk,,,,,,,,,,,,,,,,,,,
30100142,,,,,,,,,,,,,,,,,,,,
30100143,,,,,,,,,,,,,,,,,,,,
,,,,,,,,,,,,,,,,,,,,
30100151,cv_tb_002.cpk,,,,,,,,,,,,,,,,,,,
30100152,,,,,,,,,,,,,,,,,,,,
30100153,,,,,,,,,,,,,,,,,,,,
,,,,,,,,,,,,,,,,,,,,
,,,,,,,,,,,,,,,,,,,,
30110121,,,,,,,,,,,,,,,,,,,,
30110122,,,,,,,,,,,,,,,,,,,,
,,,,,,,,,,,,,,,,,,,,
30110131,,,,,,,,,,,,,,,,,,,,
30110132,,,,,,,,,,,,,,,,,,,,
30110133,,,,,,,,,,,,,,,,,,,,
,,,,,,,,,,,,,,,,,,,,
30110151,,,,,,,,,,,,,,,,,,,,
30110152,,,,,,,,,,,,,,,,,,,,
30110153,,,,,,,,,,,,,,,,,,,,
,,,,,,,,,,,,,,,,,,,,
30110161,,,,,,,,,,,,,,,,,,,,
30110162,,,,,,,,,,,,,,,,,,,,
30110163,,,,,,,,,,,,,,,,,,,,
,,,,,,,,,,,,,,,,,,,,
,,,,,,,,,,,,,,,,,,,,
30110221,,,,,,,,,,,,,,,,,,,,
30110222,,,,,,,,,,,,,,,,,,,,
,,,,,,,,,,,,,,,,,,,,
30110231,,,,,,,,,,,,,,,,,,,,
30110232,,,,,,,,,,,,,,,,,,,,
30110233,,,,,,,,,,,,,,,,,,,,
,,,,,,,,,,,,,,,,,,,,
30110251,,,,,,,,,,,,,,,,,,,,
30110252,,,,,,,,,,,,,,,,,,,,
30110253,,,,,,,,,,,,,,,,,,,,
,,,,,,,,,,,,,,,,,,,,
30110261,,,,,,,,,,,,,,,,,,,,
30110262,,,,,,,,,,,,,,,,,,,,
30110263,,,,,,,,,,,,,,,,,,,,
,,,,,,,,,,,,,,,,,,,,
,,,,,,,,,,,,,,,,,,,,
30120121,,,,,,,,,,,,,,,,,,,,
30120122,,,,,,,,,,,,,,,,,,,,
,,,,,,,,,,,,,,,,,,,,
30120131,,,,,,,,,,,,,,,,,,,,
30120132,,,,,,,,,,,,,,,,,,,,
30120133,,,,,,,,,,,,,,,,,,,,
,,,,,,,,,,,,,,,,,,,,
30120151,,,,,,,,,,,,,,,,,,,,
30120152,,,,,,,,,,,,,,,,,,,,
30120153,,,,,,,,,,,,,,,,,,,,
,,,,,,,,,,,,,,,,,,,,
30120161,,,,,,,,,,,,,,,,,,,,
30120162,,,,,,,,,,,,,,,,,,,,
30120163,,,,,,,,,,,,,,,,,,,,
,,,,,,,,,,,,,,,,,,,,
,,,,,,,,,,,,,,,,,,,,
30130121,,,,,,,,,,,,,,,,,,,,
30130122,,,,,,,,,,,,,,,,,,,,
,,,,,,,,,,,,,,,,,,,,
30130131,,,,,,,,,,,,,,,,,,,,
30130132,,,,,,,,,,,,,,,,,,,,
30130133,,,,,,,,,,,,,,,,,,,,
30130134,,,,,,,,,,,,,,,,,,,,
,,,,,,,,,,,,,,,,,,,,
30130151,,,,,,,,,,,,,,,,,,,,
30130152,,,,,,,,,,,,,,,,,,,,
30130153,,,,,,,,,,,,,,,,,,,,
30130154,,,,,,,,,,,,,,,,,,,,
,,,,,,,,,,,,,,,,,,,,
30130161,,,,,,,,,,,,,,,,,,,,
30130162,,,,,,,,,,,,,,,,,,,,
30130163,,,,,,,,,,,,,,,,,,,,
30130164,,,,,,,,,,,,,,,,,,,,
,,,,,,,,,,,,,,,,,,,,
,,,,,,,,,,,,,,,,,,,,
30140121,cv_tb_001.cpk,,,,,,,,,,,,,,,,,,,
30140122,,,,,,,,,,,,,,,,,,,,
30140123,,,,,,,,,,,,,,,,,,,,
,,,,,,,,,,,,,,,,,,,,
30140131,cv_tb_001.cpk,,,,,,,,,,,,,,,,,,,
30140132,,,,,,,,,,,,,,,,,,,,
30140133,,,,,,,,,,,,,,,,,,,,
,,,,,,,,,,,,,,,,,,,,
30140151,cv_tb_001.cpk,,,,,,,,,,,,,,,,,,,
30140152,,,,,,,,,,,,,,,,,,,,
30140153,,,,,,,,,,,,,,,,,,,,
,,,,,,,,,,,,,,,,,,,,
30140161,cv_tb_001.cpk,,,,,,,,,,,,,,,,,,,
30140162,,,,,,,,,,,,,,,,,,,,
30140163,,,,,,,,,,,,,,,,,,,,
,,,,,,,,,,,,,,,,,,,,
,,,,,,,,,,,,,,,,,,,,
30150121,,,,,,,,,,,,,,,,,,,,
30150122,,,,,,,,,,,,,,,,,,,,
,,,,,,,,,,,,,,,,,,,,
30150131,,,,,,,,,,,,,,,,,,,,
30150132,,,,,,,,,,,,,,,,,,,,
30150133,,,,,,,,,,,,,,,,,,,,
,,,,,,,,,,,,,,,,,,,,
30150151,,,,,,,,,,,,,,,,,,,,
30150152,,,,,,,,,,,,,,,,,,,,
30150153,,,,,,,,,,,,,,,,,,,,
,,,,,,,,,,,,,,,,,,,,
30150161,,,,,,,,,,,,,,,,,,,,
30150162,,,,,,,,,,,,,,,,,,,,
30150163,,,,,,,,,,,,,,,,,,,,
,,,,,,,,,,,,,,,,,,,,
,,,,,,,,,,,,,,,,,,,,
30160121,,,,,,,,,,,,,,,,,,,,
30160122,,,,,,,,,,,,,,,,,,,,
,,,,,,,,,,,,,,,,,,,,
30160131,,,,,,,,,,,,,,,,,,,,
30160132,,,,,,,,,,,,,,,,,,,,
30160133,,,,,,,,,,,,,,,,,,,,
,,,,,,,,,,,,,,,,,,,,
30160151,,,,,,,,,,,,,,,,,,,,
30160152,,,,,,,,,,,,,,,,,,,,
30160153,,,,,,,,,,,,,,,,,,,,
,,,,,,,,,,,,,,,,,,,,
30160161,,,,,,,,,,,,,,,,,,,,
30160162,,,,,,,,,,,,,,,,,,,,
30160163,,,,,,,,,,,,,,,,,,,,
,,,,,,,,,,,,,,,,,,,,
,,,,,,,,,,,,,,,,,,,,
30170121,,,,,,,,,,,,,,,,,,,,
30170122,,,,,,,,,,,,,,,,,,,,
,,,,,,,,,,,,,,,,,,,,
30170131,,,,,,,,,,,,,,,,,,,,
30170132,,,,,,,,,,,,,,,,,,,,
30170133,,,,,,,,,,,,,,,,,,,,
30170134,,,,,,,,,,,,,,,,,,,,
,,,,,,,,,,,,,,,,,,,,
30170151,,,,,,,,,,,,,,,,,,,,
30170152,,,,,,,,,,,,,,,,,,,,
30170153,,,,,,,,,,,,,,,,,,,,
30170154,,,,,,,,,,,,,,,,,,,,
,,,,,,,,,,,,,,,,,,,,
30170161,,,,,,,,,,,,,,,,,,,,
30170162,,,,,,,,,,,,,,,,,,,,
30170163,,,,,,,,,,,,,,,,,,,,
30170164,,,,,,,,,,,,,,,,,,,,
,,,,,,,,,,,,,,,,,,,,
,,,,,,,,,,,,,,,,,,,,
30180121,cv_tb_002.cpk,,,,,,,,,,,,,,,,,,,
30180122,,,,,,,,,,,,,,,,,,,,
30180123,,,,,,,,,,,,,,,,,,,,
,,,,,,,,,,,,,,,,,,,,
30180131,cv_tb_002.cpk,,,,,,,,,,,,,,,,,,,
30180132,,,,,,,,,,,,,,,,,,,,
30180133,,,,,,,,,,,,,,,,,,,,
,,,,,,,,,,,,,,,,,,,,
30180151,cv_tb_002.cpk,,,,,,,,,,,,,,,,,,,
30180152,,,,,,,,,,,,,,,,,,,,
30180153,,,,,,,,,,,,,,,,,,,,
,,,,,,,,,,,,,,,,,,,,
30180161,cv_tb_002.cpk,,,,,,,,,,,,,,,,,,,
30180162,,,,,,,,,,,,,,,,,,,,
30180163,,,,,,,,,,,,,,,,,,,,
,,,,,,,,,,,,,,,,,,,,
,,,,,,,,,,,,,,,,,,,,
30190121,,,,,,,,,,,,,,,,,,,,
30190122,,,,,,,,,,,,,,,,,,,,
,,,,,,,,,,,,,,,,,,,,
30190131,,,,,,,,,,,,,,,,,,,,
30190132,,,,,,,,,,,,,,,,,,,,
30190133,,,,,,,,,,,,,,,,,,,,
,,,,,,,,,,,,,,,,,,,,
30190151,,,,,,,,,,,,,,,,,,,,
30190152,,,,,,,,,,,,,,,,,,,,
30190153,,,,,,,,,,,,,,,,,,,,
,,,,,,,,,,,,,,,,,,,,
30190161,,,,,,,,,,,,,,,,,,,,
30190162,,,,,,,,,,,,,,,,,,,,
30190163,,,,,,,,,,,,,,,,,,,,
,,,,,,,,,,,,,,,,,,,,
,,,,,,,,,,,,,,,,,,,,
30200121,,,,,,,,,,,,,,,,,,,,
30200122,,,,,,,,,,,,,,,,,,,,
,,,,,,,,,,,,,,,,,,,,
30200131,,,,,,,,,,,,,,,,,,,,
30200132,,,,,,,,,,,,,,,,,,,,
30200133,,,,,,,,,,,,,,,,,,,,
30200134,,,,,,,,,,,,,,,,,,,,
,,,,,,,,,,,,,,,,,,,,
30200151,,,,,,,,,,,,,,,,,,,,
30200152,,,,,,,,,,,,,,,,,,,,
30200153,,,,,,,,,,,,,,,,,,,,
30200154,,,,,,,,,,,,,,,,,,,,
,,,,,,,,,,,,,,,,,,,,
30200161,,,,,,,,,,,,,,,,,,,,
30200162,,,,,,,,,,,,,,,,,,,,
30200163,,,,,,,,,,,,,,,,,,,,
30200164,,,,,,,,,,,,,,,,,,,,
,,,,,,,,,,,,,,,,,,,,
,,,,,,,,,,,,,,,,,,,,
30210121,cv_tb_001.cpk,,,,,,,,,,,,,,,,,,,
30210122,,,,,,,,,,,,,,,,,,,,
30210123,,,,,,,,,,,,,,,,,,,,
,,,,,,,,,,,,,,,,,,,,
30210131,cv_tb_001.cpk,,,,,,,,,,,,,,,,,,,
30210132,,,,,,,,,,,,,,,,,,,,
30210133,,,,,,,,,,,,,,,,,,,,
,,,,,,,,,,,,,,,,,,,,
30210151,cv_tb_001.cpk,,,,,,,,,,,,,,,,,,,
30210152,,,,,,,,,,,,,,,,,,,,
30210153,,,,,,,,,,,,,,,,,,,,
,,,,,,,,,,,,,,,,,,,,
30210161,cv_tb_001.cpk,,,,,,,,,,,,,,,,,,,
30210162,,,,,,,,,,,,,,,,,,,,
30210163,,,,,,,,,,,,,,,,,,,,
,,,,,,,,,,,,,,,,,,,,
,,,,,,,,,,,,,,,,,,,,
30220121,,,,,,,,,,,,,,,,,,,,
30220122,,,,,,,,,,,,,,,,,,,,
,,,,,,,,,,,,,,,,,,,,
30220131,,,,,,,,,,,,,,,,,,,,
30220132,,,,,,,,,,,,,,,,,,,,
30220133,,,,,,,,,,,,,,,,,,,,
,,,,,,,,,,,,,,,,,,,,
30220151,,,,,,,,,,,,,,,,,,,,
30220152,,,,,,,,,,,,,,,,,,,,
30220153,,,,,,,,,,,,,,,,,,,,
,,,,,,,,,,,,,,,,,,,,
30220161,,,,,,,,,,,,,,,,,,,,
30220162,,,,,,,,,,,,,,,,,,,,
30220163,,,,,,,,,,,,,,,,,,,,
,,,,,,,,,,,,,,,,,,,,
,,,,,,,,,,,,,,,,,,,,
30230121,,,,,,,,,,,,,,,,,,,,
30230122,,,,,,,,,,,,,,,,,,,,
,,,,,,,,,,,,,,,,,,,,
30230131,,,,,,,,,,,,,,,,,,,,
30230132,,,,,,,,,,,,,,,,,,,,
30230133,,,,,,,,,,,,,,,,,,,,
,,,,,,,,,,,,,,,,,,,,
30230151,,,,,,,,,,,,,,,,,,,,
30230152,,,,,,,,,,,,,,,,,,,,
30230153,,,,,,,,,,,,,,,,,,,,
,,,,,,,,,,,,,,,,,,,,
30230161,,,,,,,,,,,,,,,,,,,,
30230162,,,,,,,,,,,,,,,,,,,,
30230163,,,,,,,,,,,,,,,,,,,,
,,,,,,,,,,,,,,,,,,,,
,,,,,,,,,,,,,,,,,,,,
30240121,cv_tb_001.cpk,,,,,,,,,,,,,,,,,,,
30240122,,,,,,,,,,,,,,,,,,,,
30240123,,,,,,,,,,,,,,,,,,,,
,,,,,,,,,,,,,,,,,,,,
30240131,cv_tb_001.cpk,,,,,,,,,,,,,,,,,,,
30240132,,,,,,,,,,,,,,,,,,,,
30240133,,,,,,,,,,,,,,,,,,,,
,,,,,,,,,,,,,,,,,,,,
30240151,cv_tb_001.cpk,,,,,,,,,,,,,,,,,,,
30240152,,,,,,,,,,,,,,,,,,,,
30240153,,,,,,,,,,,,,,,,,,,,
,,,,,,,,,,,,,,,,,,,,
30240161,cv_tb_001.cpk,,,,,,,,,,,,,,,,,,,
30240162,,,,,,,,,,,,,,,,,,,,
30240163,,,,,,,,,,,,,,,,,,,,
,,,,,,,,,,,,,,,,,,,,
,,,,,,,,,,,,,,,,,,,,
30250121,cv_tb_002.cpk,,,,,,,,,,,,,,,,,,,
30250122,,,,,,,,,,,,,,,,,,,,
30250123,,,,,,,,,,,,,,,,,,,,
,,,,,,,,,,,,,,,,,,,,
30250131,cv_tb_002.cpk,,,,,,,,,,,,,,,,,,,
30250132,,,,,,,,,,,,,,,,,,,,
30250133,,,,,,,,,,,,,,,,,,,,
,,,,,,,,,,,,,,,,,,,,
30250151,cv_tb_002.cpk,,,,,,,,,,,,,,,,,,,
30250152,,,,,,,,,,,,,,,,,,,,
30250153,,,,,,,,,,,,,,,,,,,,
,,,,,,,,,,,,,,,,,,,,
30250161,cv_tb_002.cpk,,,,,,,,,,,,,,,,,,,
30250162,,,,,,,,,,,,,,,,,,,,
30250163,,,,,,,,,,,,,,,,,,,,
,,,,,,,,,,,,,,,,,,,,
,,,,,,,,,,,,,,,,,,,,
30340121,cv_tb_event.cpk,,,,,,,,,,,,,,,,,,,
30340122,cv_tb_event.cpk,,,,,,,,,,,,,,,,,,,
30340123,cv_tb_event.cpk,,,,,,,,,,,,,,,,,,,
,,,,,,,,,,,,,,,,,,,,
30340131,cv_tb_event.cpk,,,,,,,,,,,,,,,,,,,
30340132,cv_tb_event.cpk,,,,,,,,,,,,,,,,,,,
30340133,cv_tb_event.cpk,,,,,,,,,,,,,,,,,,,
,,,,,,,,,,,,,,,,,,,,
30340151,cv_tb_event.cpk,,,,,,,,,,,,,,,,,,,
30340152,cv_tb_event.cpk,,,,,,,,,,,,,,,,,,,
30340153,cv_tb_event.cpk,,,,,,,,,,,,,,,,,,,
,,,,,,,,,,,,,,,,,,,,
30340161,cv_tb_event.cpk,,,,,,,,,,,,,,,,,,,
30340162,cv_tb_event.cpk,,,,,,,,,,,,,,,,,,,
30340163,cv_tb_event.cpk,,,,,,,,,,,,,,,,,,,
,,,,,,,,,,,,,,,,,,,,
,,,,,,,,,,,,,,,,,,,,
30420121,cv_tb_1002.cpk,,,,,,,,,,,,,,,,,,,
30420122,cv_tb_1002.cpk,,,,,,,,,,,,,,,,,,,
30420123,cv_tb_1002.cpk,
30420124,cv_tb_1002.cpk,
,,,,,,,,,,,,,,,,,,,,
30420131,cv_tb_1002.cpk,,,,,,,,,,,,,,,,,,,
30420132,cv_tb_1002.cpk,,,,,,,,,,,,,,,,,,,
30420133,cv_tb_1002.cpk,,,,,,,,,,,,,,,,,,,
30420134,cv_tb_1002.cpk,,,,,,,,,,,,,,,,,,,
,,,,,,,,,,,,,,,,,,,,
30420151,cv_tb_1002.cpk,,,,,,,,,,,,,,,,,,,
30420152,cv_tb_1002.cpk,,,,,,,,,,,,,,,,,,,
30420153,cv_tb_1002.cpk,,,,,,,,,,,,,,,,,,,
30420154,cv_tb_1002.cpk,,,,,,,,,,,,,,,,,,,
,,,,,,,,,,,,,,,,,,,,
30420161,cv_tb_1002.cpk,,,,,,,,,,,,,,,,,,,
30420162,cv_tb_1002.cpk,,,,,,,,,,,,,,,,,,,
30420163,cv_tb_1002.cpk,,,,,,,,,,,,,,,,,,,
30420164,cv_tb_1002.cpk,,,,,,,,,,,,,,,,,,,
,,,,,,,,,,,,,,,,,,,,
,,,,,,,,,,,,,,,,,,,,
30460121,cv_tb_002.cpk,,,,,,,,,,,,,,,,,,,
30460122,cv_tb_002.cpk,,,,,,,,,,,,,,,,,,,
30460123,cv_tb_002.cpk,,,,,,,,,,,,,,,,,,,
,,,,,,,,,,,,,,,,,,,,
30460131,cv_tb_002.cpk,,,,,,,,,,,,,,,,,,,
30460132,cv_tb_002.cpk,,,,,,,,,,,,,,,,,,,
30460133,cv_tb_002.cpk,,,,,,,,,,,,,,,,,,,
,,,,,,,,,,,,,,,,,,,,
30460151,cv_tb_002.cpk,,,,,,,,,,,,,,,,,,,
30460152,cv_tb_002.cpk,,,,,,,,,,,,,,,,,,,
30460153,cv_tb_002.cpk,,,,,,,,,,,,,,,,,,,
,,,,,,,,,,,,,,,,,,,,
30460161,cv_tb_002.cpk,,,,,,,,,,,,,,,,,,,
30460162,cv_tb_002.cpk,,,,,,,,,,,,,,,,,,,
30460163,cv_tb_002.cpk,,,,,,,,,,,,,,,,,,,
,,,,,,,,,,,,,,,,,,,,
,,,,,,,,,,,,,,,,,,,,
30480161,cv_tb_003.cpk,,,,,,,,,,,,,,,,,,,
30480162,cv_tb_003.cpk,,,,,,,,,,,,,,,,,,,
30480163,cv_tb_003.cpk,,,,,,,,,,,,,,,,,,,
,,,,,,,,,,,,,,,,,,,,
,,,,,,,,,,,,,,,,,,,,
30550121,cv_tb_009.cpk,,,,,,,,,,,,,,,,,,,
30550131,cv_tb_009.cpk,,,,,,,,,,,,,,,,,,,
30550151,cv_tb_009.cpk,,,,,,,,,,,,,,,,,,,
30550161,cv_tb_009.cpk,,,,,,,,,,,,,,,,,,,
,,,,,,,,,,,,,,,,,,,,
,,,,,,,,,,,,,,,,,,,,
30610121,cv_tb_1007.cpk,,,,,,,,,,,,,,,,,,,
30610131,cv_tb_1007.cpk,,,,,,,,,,,,,,,,,,,
30610151,cv_tb_1007.cpk,,,,,,,,,,,,,,,,,,,
30610161,cv_tb_1007.cpk,,,,,,,,,,,,,,,,,,,
30610171,cv_tb_1007.cpk,,,,,,,,,,,,,,,,,,,
,,,,,,,,,,,,,,,,,,,,
,,,,,,,,,,,,,,,,,,,,
30730121,cv_tb_event.cpk,,,,,,,,,,,,,,,,,,,
30730131,cv_tb_event.cpk,,,,,,,,,,,,,,,,,,,
30730151,cv_tb_event.cpk,,,,,,,,,,,,,,,,,,,
30730161,cv_tb_event.cpk,,,,,,,,,,,,,,,,,,,
30730171,cv_tb_event.cpk,,,,,,,,,,,,,,,,,,,
30730181,cv_tb_event.cpk,,,,,,,,,,,,,,,,,,,
,,,,,,,,,,,,,,,,,,,,
,,,,,,,,,,,,,,,,,,,,
30750121,cv_tb_001.cpk,,,,,,,,,,,,,,,,,,,
30750131,cv_tb_001.cpk,,,,,,,,,,,,,,,,,,,
30750151,cv_tb_001.cpk,,,,,,,,,,,,,,,,,,,
30750161,cv_tb_001.cpk,,,,,,,,,,,,,,,,,,,
,,,,,,,,,,,,,,,,,,,,
,,,,,,,,,,,,,,,,,,,,
30790121,cv_tb_009.cpk,,,,,,,,,,,,,,,,,,,
30790131,cv_tb_009.cpk,,,,,,,,,,,,,,,,,,,
30790151,cv_tb_009.cpk,,,,,,,,,,,,,,,,,,,
30790161,cv_tb_009.cpk,,,,,,,,,,,,,,,,,,,
30790171,cv_tb_009.cpk,,,,,,,,,,,,,,,,,,,
,,,,,,,,,,,,,,,,,,,,
,,,,,,,,,,,,,,,,,,,,
30800121,cv_tb_1008.cpk,,,,,,,,,,,,,,,,,,,
,,,,,,,,,,,,,,,,,,,,
,,,,,,,,,,,,,,,,,,,,
30820121,cv_tb_1009.cpk,,,,,,,,,,,,,,,,,,,
,,,,,,,,,,,,,,,,,,,,
,,,,,,,,,,,,,,,,,,,,
30840121,cv_tb_1008.cpk,,,,,,,,,,,,,,,,,,,
,,,,,,,,,,,,,,,,,,,,
,,,,,,,,,,,,,,,,,,,,
30850121,cv_tb_1010.cpk,,,,,,,,,,,,,,,,,,,
,,,,,,,,,,,,,,,,,,,,
,,,,,,,,,,,,,,,,,,,,
30860121,cv_tb_1002.cpk,,,,,,,,,,,,,,,,,,,
,,,,,,,,,,,,,,,,,,,,
,,,,,,,,,,,,,,,,,,,,
30870121,cv_tb_1007.cpk,,,,,,,,,,,,,,,,,,,
,,,,,,,,,,,,,,,,,,,,
,,,,,,,,,,,,,,,,,,,,
30880121,cv_tb_1011.cpk,,,,,,,,,,,,,,,,,,,
,,,,,,,,,,,,,,,,,,,,
,,,,,,,,,,,,,,,,,,,,
30909171,cv_tb_1012.cpk,,,,,,,,,,,,,,,,,,,
,,,,,,,,,,,,,,,,,,,,
30909181,cv_tb_1013.cpk,,,,,,,,,,,,,,,,,,,
,,,,,,,,,,,,,,,,,,,,
,,,,,,,,,,,,,,,,,,,,
30910171,cv_tb_1012.cpk,,,,,,,,,,,,,,,,,,,
,,,,,,,,,,,,,,,,,,,,
30911171,cv_tb_1013.cpk,,,,,,,,,,,,,,,,,,,
,,,,,,,,,,,,,,,,,,,,
,,,,,,,,,,,,,,,,,,,,
30920171,cv_tb_1014.cpk,,,,,,,,,,,,,,,,,,,
,,,,,,,,,,,,,,,,,,,,
30921171,cv_tb_1015.cpk,,,,,,,,,,,,,,,,,,,
,,,,,,,,,,,,,,,,,,,,
,,,,,,,,,,,,,,,,,,,,
30930121,cv_tb_1016.cpk,,,,,,,,,,,,,,,,,,,
,,,,,,,,,,,,,,,,,,,,
,,,,,,,,,,,,,,,,,,,,
30940121,cv_tb_1017.cpk,,,,,,,,,,,,,,,,,,,
,,,,,,,,,,,,,,,,,,,,
,,,,,,,,,,,,,,,,,,,,
30950121,cv_tb_5003.cpk,,,,,,,,,,,,,,,,,,,
,,,,,,,,,,,,,,,,,,,,
,,,,,,,,,,,,,,,,,,,,
30960121,cv_tb_1011.cpk,,,,,,,,,,,,,,,,,,,
,,,,,,,,,,,,,,,,,,,,
,,,,,,,,,,,,,,,,,,,,
30980121,cv_tb_1019.cpk,,,,,,,,,,,,,,,,,,,
,,,,,,,,,,,,,,,,,,,,
,,,,,,,,,,,,,,,,,,,,
30990121,cv_tb_1020.cpk,,,,,,,,,,,,,,,,,,,
,,,,,,,,,,,,,,,,,,,,
,,,,,,,,,,,,,,,,,,,,
31000121,cv_tb_1021.cpk,,,,,,,,,,,,,,,,,,,
,,,,,,,,,,,,,,,,,,,,
,,,,,,,,,,,,,,,,,,,,
31010121,cv_tb_1022.cpk,,,,,,,,,,,,,,,,,,,
,,,,,,,,,,,,,,,,,,,,
,,,,,,,,,,,,,,,,,,,,
31020121,cv_tb_1008.cpk,,,,,,,,,,,,,,,,,,,
,,,,,,,,,,,,,,,,,,,,
,,,,,,,,,,,,,,,,,,,,
31030121,cv_tb_1026.cpk,,,,,,,,,,,,,,,,,,,
,,,,,,,,,,,,,,,,,,,,
,,,,,,,,,,,,,,,,,,,,
31040121,cv_tb_1032.cpk,,,,,,,,,,,,,,,,,,,
,,,,,,,,,,,,,,,,,,,,
,,,,,,,,,,,,,,,,,,,,
31050121,cv_tb_1023.cpk,,,,,,,,,,,,,,,,,,,
,,,,,,,,,,,,,,,,,,,,
,,,,,,,,,,,,,,,,,,,,
31060121,cv_tb_1027.cpk,,,,,,,,,,,,,,,,,,,
,,,,,,,,,,,,,,,,,,,,
,,,,,,,,,,,,,,,,,,,,
,,,,,,,,,,,,,,,,,,,,
,,,,,,,,,,,,,,,,,,,,
40000131,,,,,,,,,,,,,,,,,,,,
40000132,,,,,,,,,,,,,,,,,,,,
40000133,,,,,,,,,,,,,,,,,,,,
,,,,,,,,,,,,,,,,,,,,
40000141,,,,,,,,,,,,,,,,,,,,
40000142,,,,,,,,,,,,,,,,,,,,
40000143,,,,,,,,,,,,,,,,,,,,
40000144,,,,,,,,,,,,,,,,,,,,
,,,,,,,,,,,,,,,,,,,,
,,,,,,,,,,,,,,,,,,,,
40000211,,,,,,,,,,,,,,,,,,,,
40000212,,,,,,,,,,,,,,,,,,,,
,,,,,,,,,,,,,,,,,,,,
40000221,,,,,,,,,,,,,,,,,,,,
40000222,,,,,,,,,,,,,,,,,,,,
,,,,,,,,,,,,,,,,,,,,
40000231,,,,,,,,,,,,,,,,,,,,
40000232,,,,,,,,,,,,,,,,,,,,
40000233,,,,,,,,,,,,,,,,,,,,
,,,,,,,,,,,,,,,,,,,,
,,,,,,,,,,,,,,,,,,,,
40000311,,,,,,,,,,,,,,,,,,,,
40000312,,,,,,,,,,,,,,,,,,,,
,,,,,,,,,,,,,,,,,,,,
40000321,,,,,,,,,,,,,,,,,,,,
40000322,,,,,,,,,,,,,,,,,,,,
,,,,,,,,,,,,,,,,,,,,
40000331,,,,,,,,,,,,,,,,,,,,
40000332,,,,,,,,,,,,,,,,,,,,
,,,,,,,,,,,,,,,,,,,,
,,,,,,,,,,,,,,,,,,,,
40000411,,,,,,,,,,,,,,,,,,,,
40000412,,,,,,,,,,,,,,,,,,,,
,,,,,,,,,,,,,,,,,,,,
40000421,,,,,,,,,,,,,,,,,,,,
40000422,,,,,,,,,,,,,,,,,,,,
40000423,,,,,,,,,,,,,,,,,,,,
,,,,,,,,,,,,,,,,,,,,
40000431,,,,,,,,,,,,,,,,,,,,
40000432,,,,,,,,,,,,,,,,,,,,
40000433,,,,,,,,,,,,,,,,,,,,
,,,,,,,,,,,,,,,,,,,,
,,,,,,,,,,,,,,,,,,,,
40000531,,,,,,,,,,,,,,,,,,,,
40000532,,,,,,,,,,,,,,,,,,,,
,,,,,,,,,,,,,,,,,,,,
40000541,,,,,,,,,,,,,,,,,,,,
40000542,,,,,,,,,,,,,,,,,,,,
40000543,,,,,,,,,,,,,,,,,,,,
,,,,,,,,,,,,,,,,,,,,
,,,,,,,,,,,,,,,,,,,,
,,,,,,,,,,,,,,,,,,,,
40000631,,,,,,,,,,,,,,,,,,,,
40000632,,,,,,,,,,,,,,,,,,,,
40000633,,,,,,,,,,,,,,,,,,,,
,,,,,,,,,,,,,,,,,,,,
40000641,,,,,,,,,,,,,,,,,,,,
40000642,,,,,,,,,,,,,,,,,,,,
40000643,,,,,,,,,,,,,,,,,,,,
,,,,,,,,,,,,,,,,,,,,
,,,,,,,,,,,,,,,,,,,,
40000711,,,,,,,,,,,,,,,,,,,,
40000712,,,,,,,,,,,,,,,,,,,,
40000713,,,,,,,,,,,,,,,,,,,,
,,,,,,,,,,,,,,,,,,,,
40000721,,,,,,,,,,,,,,,,,,,,
40000722,,,,,,,,,,,,,,,,,,,,
40000723,,,,,,,,,,,,,,,,,,,,
,,,,,,,,,,,,,,,,,,,,
40000731,,,,,,,,,,,,,,,,,,,,
40000732,,,,,,,,,,,,,,,,,,,,
40000733,,,,,,,,,,,,,,,,,,,,
,,,,,,,,,,,,,,,,,,,,
,,,,,,,,,,,,,,,,,,,,
40000811,,,,,,,,,,,,,,,,,,,,
40000812,,,,,,,,,,,,,,,,,,,,
40000813,,,,,,,,,,,,,,,,,,,,
,,,,,,,,,,,,,,,,,,,,
40000821,,,,,,,,,,,,,,,,,,,,
40000822,,,,,,,,,,,,,,,,,,,,
40000823,,,,,,,,,,,,,,,,,,,,
,,,,,,,,,,,,,,,,,,,,
40000831,,,,,,,,,,,,,,,,,,,,
40000832,,,,,,,,,,,,,,,,,,,,
40000833,,,,,,,,,,,,,,,,,,,,
,,,,,,,,,,,,,,,,,,,,
,,,,,,,,,,,,,,,,,,,,
40000931,,,,,,,,,,,,,,,,,,,,
40000932,,,,,,,,,,,,,,,,,,,,
40000933,,,,,,,,,,,,,,,,,,,,
,,,,,,,,,,,,,,,,,,,,
40000941,,,,,,,,,,,,,,,,,,,,
40000942,,,,,,,,,,,,,,,,,,,,
40000943,,,,,,,,,,,,,,,,,,,,
,,,,,,,,,,,,,,,,,,,,
,,,,,,,,,,,,,,,,,,,,
40001011,,,,,,,,,,,,,,,,,,,,
40001012,,,,,,,,,,,,,,,,,,,,
40001013,,,,,,,,,,,,,,,,,,,,
,,,,,,,,,,,,,,,,,,,,
40001021,,,,,,,,,,,,,,,,,,,,
40001022,,,,,,,,,,,,,,,,,,,,
40001023,,,,,,,,,,,,,,,,,,,,
,,,,,,,,,,,,,,,,,,,,
40001031,,,,,,,,,,,,,,,,,,,,
40001032,,,,,,,,,,,,,,,,,,,,
40001033,,,,,,,,,,,,,,,,,,,,
,,,,,,,,,,,,,,,,,,,,
,,,,,,,,,,,,,,,,,,,,
,,,,,,,,,,,,,,,,,,,,
40001111,,,,,,,,,,,,,,,,,,,,
40001112,,,,,,,,,,,,,,,,,,,,
,,,,,,,,,,,,,,,,,,,,
40001121,,,,,,,,,,,,,,,,,,,,
40001122,,,,,,,,,,,,,,,,,,,,
,,,,,,,,,,,,,,,,,,,,
40001131,,,,,,,,,,,,,,,,,,,,
40001132,,,,,,,,,,,,,,,,,,,,
40001133,,,,,,,,,,,,,,,,,,,,
,,,,,,,,,,,,,,,,,,,,
,,,,,,,,,,,,,,,,,,,,
40001211,,,,,,,,,,,,,,,,,,,,
40001212,,,,,,,,,,,,,,,,,,,,
,,,,,,,,,,,,,,,,,,,,
40001221,,,,,,,,,,,,,,,,,,,,
40001222,,,,,,,,,,,,,,,,,,,,
,,,,,,,,,,,,,,,,,,,,
40001231,,,,,,,,,,,,,,,,,,,,
40001232,,,,,,,,,,,,,,,,,,,,
40001233,,,,,,,,,,,,,,,,,,,,
,,,,,,,,,,,,,,,,,,,,
,,,,,,,,,,,,,,,,,,,,
40001311,,,,,,,,,,,,,,,,,,,,
40001312,,,,,,,,,,,,,,,,,,,,
,,,,,,,,,,,,,,,,,,,,
40001321,,,,,,,,,,,,,,,,,,,,
40001322,,,,,,,,,,,,,,,,,,,,
,,,,,,,,,,,,,,,,,,,,
40001331,,,,,,,,,,,,,,,,,,,,
40001332,,,,,,,,,,,,,,,,,,,,
,,,,,,,,,,,,,,,,,,,,
,,,,,,,,,,,,,,,,,,,,
40001431,,,,,,,,,,,,,,,,,,,,
40001432,,,,,,,,,,,,,,,,,,,,
,,,,,,,,,,,,,,,,,,,,
40001451,,,,,,,,,,,,,,,,,,,,
40001452,,,,,,,,,,,,,,,,,,,,
40001453,,,,,,,,,,,,,,,,,,,,
,,,,,,,,,,,,,,,,,,,,
,,,,,,,,,,,,,,,,,,,,
40001531,,,,,,,,,,,,,,,,,,,,
40001532,,,,,,,,,,,,,,,,,,,,
,,,,,,,,,,,,,,,,,,,,
40001551,,,,,,,,,,,,,,,,,,,,
40001552,,,,,,,,,,,,,,,,,,,,
40001553,,,,,,,,,,,,,,,,,,,,
,,,,,,,,,,,,,,,,,,,,
,,,,,,,,,,,,,,,,,,,,
,,,,,,,,,,,,,,,,,,,,
40001611,,,,,,,,,,,,,,,,,,,,
40001612,,,,,,,,,,,,,,,,,,,,
,,,,,,,,,,,,,,,,,,,,
40001621,,,,,,,,,,,,,,,,,,,,
40001622,,,,,,,,,,,,,,,,,,,,
,,,,,,,,,,,,,,,,,,,,
40001631,,,,,,,,,,,,,,,,,,,,
40001632,,,,,,,,,,,,,,,,,,,,
,,,,,,,,,,,,,,,,,,,,
,,,,,,,,,,,,,,,,,,,,
40001731,,,,,,,,,,,,,,,,,,,,
40001732,,,,,,,,,,,,,,,,,,,,
40001733,,,,,,,,,,,,,,,,,,,,
,,,,,,,,,,,,,,,,,,,,
40001741,,,,,,,,,,,,,,,,,,,,
40001742,,,,,,,,,,,,,,,,,,,,
40001743,,,,,,,,,,,,,,,,,,,,
,,,,,,,,,,,,,,,,,,,,
,,,,,,,,,,,,,,,,,,,,
40001831,,,,,,,,,,,,,,,,,,,,
40001832,,,,,,,,,,,,,,,,,,,,
40001833,,,,,,,,,,,,,,,,,,,,
,,,,,,,,,,,,,,,,,,,,
40001841,,,,,,,,,,,,,,,,,,,,
40001842,,,,,,,,,,,,,,,,,,,,
40001843,,,,,,,,,,,,,,,,,,,,
,,,,,,,,,,,,,,,,,,,,
,,,,,,,,,,,,,,,,,,,,
40001911,,,,,,,,,,,,,,,,,,,,
40001912,,,,,,,,,,,,,,,,,,,,
,,,,,,,,,,,,,,,,,,,,
40001921,,,,,,,,,,,,,,,,,,,,
40001922,,,,,,,,,,,,,,,,,,,,
,,,,,,,,,,,,,,,,,,,,
40001931,,,,,,,,,,,,,,,,,,,,
40001932,,,,,,,,,,,,,,,,,,,,
,,,,,,,,,,,,,,,,,,,,
,,,,,,,,,,,,,,,,,,,,
40002011,,,,,,,,,,,,,,,,,,,,
40002012,,,,,,,,,,,,,,,,,,,,
,,,,,,,,,,,,,,,,,,,,
40002021,,,,,,,,,,,,,,,,,,,,
40002022,,,,,,,,,,,,,,,,,,,,
,,,,,,,,,,,,,,,,,,,,
40002031,,,,,,,,,,,,,,,,,,,,
40002032,,,,,,,,,,,,,,,,,,,,
,,,,,,,,,,,,,,,,,,,,
,,,,,,,,,,,,,,,,,,,,
,,,,,,,,,,,,,,,,,,,,
40002131,,,,,,,,,,,,,,,,,,,,
40002132,,,,,,,,,,,,,,,,,,,,
,,,,,,,,,,,,,,,,,,,,
40002141,,,,,,,,,,,,,,,,,,,,
40002142,,,,,,,,,,,,,,,,,,,,
40002143,,,,,,,,,,,,,,,,,,,,
,,,,,,,,,,,,,,,,,,,,
40002151,,,,,,,,,,,,,,,,,,,,
40002152,,,,,,,,,,,,,,,,,,,,
40002153,,,,,,,,,,,,,,,,,,,,
,,,,,,,,,,,,,,,,,,,,
,,,,,,,,,,,,,,,,,,,,
40002231,,,,,,,,,,,,,,,,,,,,
40002232,,,,,,,,,,,,,,,,,,,,
,,,,,,,,,,,,,,,,,,,,
40002241,,,,,,,,,,,,,,,,,,,,
40002242,,,,,,,,,,,,,,,,,,,,
40002243,,,,,,,,,,,,,,,,,,,,
,,,,,,,,,,,,,,,,,,,,
40002251,,,,,,,,,,,,,,,,,,,,
40002252,,,,,,,,,,,,,,,,,,,,
40002253,,,,,,,,,,,,,,,,,,,,
,,,,,,,,,,,,,,,,,,,,
,,,,,,,,,,,,,,,,,,,,
,,,,,,,,,,,,,,,,,,,,
40003811,,,,,,,,,,,,,,,,,,,,
40003812,,,,,,,,,,,,,,,,,,,,
40003813,,,,,,,,,,,,,,,,,,,,
,,,,,,,,,,,,,,,,,,,,
40003821,,,,,,,,,,,,,,,,,,,,
40003822,,,,,,,,,,,,,,,,,,,,
40003823,,,,,,,,,,,,,,,,,,,,
,,,,,,,,,,,,,,,,,,,,
40003831,,,,,,,,,,,,,,,,,,,,
40003832,,,,,,,,,,,,,,,,,,,,
40003833,,,,,,,,,,,,,,,,,,,,
,,,,,,,,,,,,,,,,,,,,
,,,,,,,,,,,,,,,,,,,,
40003911,,,,,,,,,,,,,,,,,,,,
40003912,,,,,,,,,,,,,,,,,,,,
40003913,,,,,,,,,,,,,,,,,,,,
,,,,,,,,,,,,,,,,,,,,
40003921,,,,,,,,,,,,,,,,,,,,
40003922,,,,,,,,,,,,,,,,,,,,
40003923,,,,,,,,,,,,,,,,,,,,
,,,,,,,,,,,,,,,,,,,,
40003931,,,,,,,,,,,,,,,,,,,,
40003932,,,,,,,,,,,,,,,,,,,,
40003933,,,,,,,,,,,,,,,,,,,,
,,,,,,,,,,,,,,,,,,,,
,,,,,,,,,,,,,,,,,,,,
40004031,,,,,,,,,,,,,,,,,,,,
40004032,,,,,,,,,,,,,,,,,,,,
40004033,,,,,,,,,,,,,,,,,,,,
,,,,,,,,,,,,,,,,,,,,
40004041,,,,,,,,,,,,,,,,,,,,
40004042,,,,,,,,,,,,,,,,,,,,
40004043,,,,,,,,,,,,,,,,,,,,
,,,,,,,,,,,,,,,,,,,,
,,,,,,,,,,,,,,,,,,,,
40004131,,,,,,,,,,,,,,,,,,,,
40004132,,,,,,,,,,,,,,,,,,,,
40004133,,,,,,,,,,,,,,,,,,,,
,,,,,,,,,,,,,,,,,,,,
40004141,,,,,,,,,,,,,,,,,,,,
40004142,,,,,,,,,,,,,,,,,,,,
40004143,,,,,,,,,,,,,,,,,,,,
,,,,,,,,,,,,,,,,,,,,
,,,,,,,,,,,,,,,,,,,,
40004211,,,,,,,,,,,,,,,,,,,,
40004212,,,,,,,,,,,,,,,,,,,,
40004213,,,,,,,,,,,,,,,,,,,,
,,,,,,,,,,,,,,,,,,,,
40004221,,,,,,,,,,,,,,,,,,,,
40004222,,,,,,,,,,,,,,,,,,,,
40004223,,,,,,,,,,,,,,,,,,,,
,,,,,,,,,,,,,,,,,,,,
40004231,,,,,,,,,,,,,,,,,,,,
40004232,,,,,,,,,,,,,,,,,,,,
40004233,,,,,,,,,,,,,,,,,,,,
,,,,,,,,,,,,,,,,,,,,
,,,,,,,,,,,,,,,,,,,,
,,,,,,,,,,,,,,,,,,,,
40004331,,,,,,,,,,,,,,,,,,,,
40004332,,,,,,,,,,,,,,,,,,,,
,,,,,,,,,,,,,,,,,,,,
40004341,,,,,,,,,,,,,,,,,,,,
40004342,,,,,,,,,,,,,,,,,,,,
40004343,,,,,,,,,,,,,,,,,,,,
,,,,,,,,,,,,,,,,,,,,
,,,,,,,,,,,,,,,,,,,,
40004431,,,,,,,,,,,,,,,,,,,,
40004432,,,,,,,,,,,,,,,,,,,,
40004433,,,,,,,,,,,,,,,,,,,,
,,,,,,,,,,,,,,,,,,,,
40004441,,,,,,,,,,,,,,,,,,,,
40004442,,,,,,,,,,,,,,,,,,,,
40004443,,,,,,,,,,,,,,,,,,,,
,,,,,,,,,,,,,,,,,,,,
,,,,,,,,,,,,,,,,,,,,
40004511,,,,,,,,,,,,,,,,,,,,
40004512,,,,,,,,,,,,,,,,,,,,
,,,,,,,,,,,,,,,,,,,,
40004521,,,,,,,,,,,,,,,,,,,,
40004522,,,,,,,,,,,,,,,,,,,,
,,,,,,,,,,,,,,,,,,,,
40004531,,,,,,,,,,,,,,,,,,,,
40004532,,,,,,,,,,,,,,,,,,,,
40004533,,,,,,,,,,,,,,,,,,,,
,,,,,,,,,,,,,,,,,,,,
,,,,,,,,,,,,,,,,,,,,
40004611,,,,,,,,,,,,,,,,,,,,
40004612,,,,,,,,,,,,,,,,,,,,
,,,,,,,,,,,,,,,,,,,,
40004621,,,,,,,,,,,,,,,,,,,,
40004622,,,,,,,,,,,,,,,,,,,,
,,,,,,,,,,,,,,,,,,,,
40004631,,,,,,,,,,,,,,,,,,,,
40004632,,,,,,,,,,,,,,,,,,,,
,,,,,,,,,,,,,,,,,,,,
,,,,,,,,,,,,,,,,,,,,
40004711,,,,,,,,,,,,,,,,,,,,
40004712,,,,,,,,,,,,,,,,,,,,
,,,,,,,,,,,,,,,,,,,,
40004721,,,,,,,,,,,,,,,,,,,,
40004722,,,,,,,,,,,,,,,,,,,,
,,,,,,,,,,,,,,,,,,,,
40004731,,,,,,,,,,,,,,,,,,,,
40004732,,,,,,,,,,,,,,,,,,,,
40004733,,,,,,,,,,,,,,,,,,,,
,,,,,,,,,,,,,,,,,,,,
,,,,,,,,,,,,,,,,,,,,
,,,,,,,,,,,,,,,,,,,,
40004811,,,,,,,,,,,,,,,,,,,,
40004812,,,,,,,,,,,,,,,,,,,,
40004813,,,,,,,,,,,,,,,,,,,,
,,,,,,,,,,,,,,,,,,,,
40004821,,,,,,,,,,,,,,,,,,,,
40004822,,,,,,,,,,,,,,,,,,,,
40004823,,,,,,,,,,,,,,,,,,,,
,,,,,,,,,,,,,,,,,,,,
40004831,,,,,,,,,,,,,,,,,,,,
40004832,,,,,,,,,,,,,,,,,,,,
40004833,,,,,,,,,,,,,,,,,,,,
40004834,,,,,,,,,,,,,,,,,,,,
,,,,,,,,,,,,,,,,,,,,
,,,,,,,,,,,,,,,,,,,,
40004931,,,,,,,,,,,,,,,,,,,,
40004932,,,,,,,,,,,,,,,,,,,,
40004933,,,,,,,,,,,,,,,,,,,,
,,,,,,,,,,,,,,,,,,,,
40004941,,,,,,,,,,,,,,,,,,,,
40004942,,,,,,,,,,,,,,,,,,,,
40004943,,,,,,,,,,,,,,,,,,,,
,,,,,,,,,,,,,,,,,,,,
,,,,,,,,,,,,,,,,,,,,
40005011,,,,,,,,,,,,,,,,,,,,
40005012,,,,,,,,,,,,,,,,,,,,
40005013,,,,,,,,,,,,,,,,,,,,
,,,,,,,,,,,,,,,,,,,,
40005021,,,,,,,,,,,,,,,,,,,,
40005022,,,,,,,,,,,,,,,,,,,,
40005023,,,,,,,,,,,,,,,,,,,,
,,,,,,,,,,,,,,,,,,,,
40005031,,,,,,,,,,,,,,,,,,,,
40005032,,,,,,,,,,,,,,,,,,,,
40005033,,,,,,,,,,,,,,,,,,,,
,,,,,,,,,,,,,,,,,,,,
,,,,,,,,,,,,,,,,,,,,
40005111,,,,,,,,,,,,,,,,,,,,
40005112,,,,,,,,,,,,,,,,,,,,
40005113,,,,,,,,,,,,,,,,,,,,
,,,,,,,,,,,,,,,,,,,,
40005121,,,,,,,,,,,,,,,,,,,,
40005122,,,,,,,,,,,,,,,,,,,,
40005123,,,,,,,,,,,,,,,,,,,,
,,,,,,,,,,,,,,,,,,,,
40005131,,,,,,,,,,,,,,,,,,,,
40005132,,,,,,,,,,,,,,,,,,,,
40005133,,,,,,,,,,,,,,,,,,,,
,,,,,,,,,,,,,,,,,,,,
,,,,,,,,,,,,,,,,,,,,
40005231,,,,,,,,,,,,,,,,,,,,
40005232,,,,,,,,,,,,,,,,,,,,
40005233,,,,,,,,,,,,,,,,,,,,
,,,,,,,,,,,,,,,,,,,,
40005241,,,,,,,,,,,,,,,,,,,,
40005242,,,,,,,,,,,,,,,,,,,,
40005243,,,,,,,,,,,,,,,,,,,,
,,,,,,,,,,,,,,,,,,,,
,,,,,,,,,,,,,,,,,,,,
,,,,,,,,,,,,,,,,,,,,
40005331,,,,,,,,,,,,,,,,,,,,
40005332,,,,,,,,,,,,,,,,,,,,
,,,,,,,,,,,,,,,,,,,,
40005341,,,,,,,,,,,,,,,,,,,,
40005342,,,,,,,,,,,,,,,,,,,,
40005343,,,,,,,,,,,,,,,,,,,,
,,,,,,,,,,,,,,,,,,,,
,,,,,,,,,,,,,,,,,,,,
40005411,,,,,,,,,,,,,,,,,,,,
40005412,,,,,,,,,,,,,,,,,,,,
,,,,,,,,,,,,,,,,,,,,
40005421,,,,,,,,,,,,,,,,,,,,
40005422,,,,,,,,,,,,,,,,,,,,
,,,,,,,,,,,,,,,,,,,,
40005431,,,,,,,,,,,,,,,,,,,,
40005432,,,,,,,,,,,,,,,,,,,,
40005433,,,,,,,,,,,,,,,,,,,,
,,,,,,,,,,,,,,,,,,,,
,,,,,,,,,,,,,,,,,,,,
40005511,,,,,,,,,,,,,,,,,,,,
40005512,,,,,,,,,,,,,,,,,,,,
,,,,,,,,,,,,,,,,,,,,
40005521,,,,,,,,,,,,,,,,,,,,
40005522,,,,,,,,,,,,,,,,,,,,
,,,,,,,,,,,,,,,,,,,,
40005531,,,,,,,,,,,,,,,,,,,,
40005532,,,,,,,,,,,,,,,,,,,,
40005533,,,,,,,,,,,,,,,,,,,,
,,,,,,,,,,,,,,,,,,,,
,,,,,,,,,,,,,,,,,,,,
40005631,,,,,,,,,,,,,,,,,,,,
40005632,,,,,,,,,,,,,,,,,,,,
40005633,,,,,,,,,,,,,,,,,,,,
,,,,,,,,,,,,,,,,,,,,
40005641,,,,,,,,,,,,,,,,,,,,
40005642,,,,,,,,,,,,,,,,,,,,
40005643,,,,,,,,,,,,,,,,,,,,
,,,,,,,,,,,,,,,,,,,,
,,,,,,,,,,,,,,,,,,,,
40005711,,,,,,,,,,,,,,,,,,,,
40005712,,,,,,,,,,,,,,,,,,,,
,,,,,,,,,,,,,,,,,,,,
40005721,,,,,,,,,,,,,,,,,,,,
40005722,,,,,,,,,,,,,,,,,,,,
,,,,,,,,,,,,,,,,,,,,
40005731,,,,,,,,,,,,,,,,,,,,
40005732,,,,,,,,,,,,,,,,,,,,
40005733,,,,,,,,,,,,,,,,,,,,
,,,,,,,,,,,,,,,,,,,,
,,,,,,,,,,,,,,,,,,,,
,,,,,,,,,,,,,,,,,,,,
40005811,,,,,,,,,,,,,,,,,,,,
40005812,,,,,,,,,,,,,,,,,,,,
40005813,,,,,,,,,,,,,,,,,,,,
,,,,,,,,,,,,,,,,,,,,
40005821,,,,,,,,,,,,,,,,,,,,
40005822,,,,,,,,,,,,,,,,,,,,
40005823,,,,,,,,,,,,,,,,,,,,
,,,,,,,,,,,,,,,,,,,,
40005831,,,,,,,,,,,,,,,,,,,,
40005832,,,,,,,,,,,,,,,,,,,,
40005833,,,,,,,,,,,,,,,,,,,,
,,,,,,,,,,,,,,,,,,,,
,,,,,,,,,,,,,,,,,,,,
40005911,,,,,,,,,,,,,,,,,,,,
40005912,,,,,,,,,,,,,,,,,,,,
,,,,,,,,,,,,,,,,,,,,
40005921,,,,,,,,,,,,,,,,,,,,
40005922,,,,,,,,,,,,,,,,,,,,
,,,,,,,,,,,,,,,,,,,,
40005931,,,,,,,,,,,,,,,,,,,,
40005932,,,,,,,,,,,,,,,,,,,,
40005933,,,,,,,,,,,,,,,,,,,,
,,,,,,,,,,,,,,,,,,,,
,,,,,,,,,,,,,,,,,,,,
40006031,,,,,,,,,,,,,,,,,,,,
40006032,,,,,,,,,,,,,,,,,,,,
40006033,,,,,,,,,,,,,,,,,,,,
,,,,,,,,,,,,,,,,,,,,
40006041,,,,,,,,,,,,,,,,,,,,
40006042,,,,,,,,,,,,,,,,,,,,
40006043,,,,,,,,,,,,,,,,,,,,
,,,,,,,,,,,,,,,,,,,,
,,,,,,,,,,,,,,,,,,,,
40006111,,,,,,,,,,,,,,,,,,,,
40006112,,,,,,,,,,,,,,,,,,,,
40006113,,,,,,,,,,,,,,,,,,,,
,,,,,,,,,,,,,,,,,,,,
40006121,,,,,,,,,,,,,,,,,,,,
40006122,,,,,,,,,,,,,,,,,,,,
40006123,,,,,,,,,,,,,,,,,,,,
,,,,,,,,,,,,,,,,,,,,
40006131,,,,,,,,,,,,,,,,,,,,
40006132,,,,,,,,,,,,,,,,,,,,
40006133,,,,,,,,,,,,,,,,,,,,
,,,,,,,,,,,,,,,,,,,,
,,,,,,,,,,,,,,,,,,,,
40006231,,,,,,,,,,,,,,,,,,,,
40006232,,,,,,,,,,,,,,,,,,,,
40006233,,,,,,,,,,,,,,,,,,,,
,,,,,,,,,,,,,,,,,,,,
40006241,,,,,,,,,,,,,,,,,,,,
40006242,,,,,,,,,,,,,,,,,,,,
40006243,,,,,,,,,,,,,,,,,,,,
,,,,,,,,,,,,,,,,,,,,
,,,,,,,,,,,,,,,,,,,,
,,,,,,,,,,,,,,,,,,,,
40006331,,,,,,,,,,,,,,,,,,,,
40006332,,,,,,,,,,,,,,,,,,,,
40006333,,,,,,,,,,,,,,,,,,,,
,,,,,,,,,,,,,,,,,,,,
40006341,,,,,,,,,,,,,,,,,,,,
40006342,,,,,,,,,,,,,,,,,,,,
40006343,,,,,,,,,,,,,,,,,,,,
,,,,,,,,,,,,,,,,,,,,
40006351,,,,,,,,,,,,,,,,,,,,
40006352,,,,,,,,,,,,,,,,,,,,
40006353,,,,,,,,,,,,,,,,,,,,
,,,,,,,,,,,,,,,,,,,,
,,,,,,,,,,,,,,,,,,,,
40006411,,,,,,,,,,,,,,,,,,,,
40006412,,,,,,,,,,,,,,,,,,,,
40006413,,,,,,,,,,,,,,,,,,,,
,,,,,,,,,,,,,,,,,,,,
40006421,,,,,,,,,,,,,,,,,,,,
40006422,,,,,,,,,,,,,,,,,,,,
40006423,,,,,,,,,,,,,,,,,,,,
,,,,,,,,,,,,,,,,,,,,
40006431,,,,,,,,,,,,,,,,,,,,
40006432,,,,,,,,,,,,,,,,,,,,
40006433,,,,,,,,,,,,,,,,,,,,
,,,,,,,,,,,,,,,,,,,,
,,,,,,,,,,,,,,,,,,,,
40006531,,,,,,,,,,,,,,,,,,,,
40006532,,,,,,,,,,,,,,,,,,,,
40006533,,,,,,,,,,,,,,,,,,,,
,,,,,,,,,,,,,,,,,,,,
40006541,,,,,,,,,,,,,,,,,,,,
40006542,,,,,,,,,,,,,,,,,,,,
40006543,,,,,,,,,,,,,,,,,,,,
,,,,,,,,,,,,,,,,,,,,
40006551,,,,,,,,,,,,,,,,,,,,
40006552,,,,,,,,,,,,,,,,,,,,
40006553,,,,,,,,,,,,,,,,,,,,
,,,,,,,,,,,,,,,,,,,,
,,,,,,,,,,,,,,,,,,,,
40006611,,,,,,,,,,,,,,,,,,,,
40006612,,,,,,,,,,,,,,,,,,,,
40006613,,,,,,,,,,,,,,,,,,,,
,,,,,,,,,,,,,,,,,,,,
40006621,,,,,,,,,,,,,,,,,,,,
40006622,,,,,,,,,,,,,,,,,,,,
40006623,,,,,,,,,,,,,,,,,,,,
,,,,,,,,,,,,,,,,,,,,
40006631,,,,,,,,,,,,,,,,,,,,
40006632,,,,,,,,,,,,,,,,,,,,
40006633,,,,,,,,,,,,,,,,,,,,
,,,,,,,,,,,,,,,,,,,,
,,,,,,,,,,,,,,,,,,,,
40006711,,,,,,,,,,,,,,,,,,,,
40006712,,,,,,,,,,,,,,,,,,,,
40006713,,,,,,,,,,,,,,,,,,,,
,,,,,,,,,,,,,,,,,,,,
40006721,,,,,,,,,,,,,,,,,,,,
40006722,,,,,,,,,,,,,,,,,,,,
40006723,,,,,,,,,,,,,,,,,,,,
,,,,,,,,,,,,,,,,,,,,
40006731,,,,,,,,,,,,,,,,,,,,
40006732,,,,,,,,,,,,,,,,,,,,
40006733,,,,,,,,,,,,,,,,,,,,
,,,,,,,,,,,,,,,,,,,,
,,,,,,,,,,,,,,,,,,,,
,,,,,,,,,,,,,,,,,,,,
40006831,,,,,,,,,,,,,,,,,,,,
40006832,,,,,,,,,,,,,,,,,,,,
40006833,,,,,,,,,,,,,,,,,,,,
,,,,,,,,,,,,,,,,,,,,
40006841,,,,,,,,,,,,,,,,,,,,
40006842,,,,,,,,,,,,,,,,,,,,
40006843,,,,,,,,,,,,,,,,,,,,
,,,,,,,,,,,,,,,,,,,,
40006851,,,,,,,,,,,,,,,,,,,,
40006852,,,,,,,,,,,,,,,,,,,,
40006853,,,,,,,,,,,,,,,,,,,,
,,,,,,,,,,,,,,,,,,,,
,,,,,,,,,,,,,,,,,,,,
40006911,,,,,,,,,,,,,,,,,,,,
40006912,,,,,,,,,,,,,,,,,,,,
,,,,,,,,,,,,,,,,,,,,
40006921,,,,,,,,,,,,,,,,,,,,
40006922,,,,,,,,,,,,,,,,,,,,
,,,,,,,,,,,,,,,,,,,,
40006931,,,,,,,,,,,,,,,,,,,,
40006932,,,,,,,,,,,,,,,,,,,,
,,,,,,,,,,,,,,,,,,,,
,,,,,,,,,,,,,,,,,,,,
40007011,,,,,,,,,,,,,,,,,,,,
40007012,,,,,,,,,,,,,,,,,,,,
,,,,,,,,,,,,,,,,,,,,
40007021,,,,,,,,,,,,,,,,,,,,
40007022,,,,,,,,,,,,,,,,,,,,
,,,,,,,,,,,,,,,,,,,,
40007031,,,,,,,,,,,,,,,,,,,,
40007032,,,,,,,,,,,,,,,,,,,,
40007033,,,,,,,,,,,,,,,,,,,,
,,,,,,,,,,,,,,,,,,,,
,,,,,,,,,,,,,,,,,,,,
40007131,,,,,,,,,,,,,,,,,,,,
40007132,,,,,,,,,,,,,,,,,,,,
40007133,,,,,,,,,,,,,,,,,,,,
,,,,,,,,,,,,,,,,,,,,
40007141,,,,,,,,,,,,,,,,,,,,
40007142,,,,,,,,,,,,,,,,,,,,
40007143,,,,,,,,,,,,,,,,,,,,
,,,,,,,,,,,,,,,,,,,,
40007151,,,,,,,,,,,,,,,,,,,,
40007152,,,,,,,,,,,,,,,,,,,,
40007153,,,,,,,,,,,,,,,,,,,,
,,,,,,,,,,,,,,,,,,,,
,,,,,,,,,,,,,,,,,,,,
40007211,,,,,,,,,,,,,,,,,,,,
40007212,,,,,,,,,,,,,,,,,,,,
40007213,,,,,,,,,,,,,,,,,,,,
,,,,,,,,,,,,,,,,,,,,
40007221,,,,,,,,,,,,,,,,,,,,
40007222,,,,,,,,,,,,,,,,,,,,
40007223,,,,,,,,,,,,,,,,,,,,
,,,,,,,,,,,,,,,,,,,,
40007231,,,,,,,,,,,,,,,,,,,,
40007232,,,,,,,,,,,,,,,,,,,,
40007233,,,,,,,,,,,,,,,,,,,,
,,,,,,,,,,,,,,,,,,,,
,,,,,,,,,,,,,,,,,,,,
,,,,,,,,,,,,,,,,,,,,
40007311,,,,,,,,,,,,,,,,,,,,
40007312,,,,,,,,,,,,,,,,,,,,
40007313,,,,,,,,,,,,,,,,,,,,
,,,,,,,,,,,,,,,,,,,,
40007321,,,,,,,,,,,,,,,,,,,,
40007322,,,,,,,,,,,,,,,,,,,,
40007323,,,,,,,,,,,,,,,,,,,,
,,,,,,,,,,,,,,,,,,,,
40007331,,,,,,,,,,,,,,,,,,,,
40007332,,,,,,,,,,,,,,,,,,,,
40007333,,,,,,,,,,,,,,,,,,,,
,,,,,,,,,,,,,,,,,,,,
,,,,,,,,,,,,,,,,,,,,
40007411,,,,,,,,,,,,,,,,,,,,
40007412,,,,,,,,,,,,,,,,,,,,
,,,,,,,,,,,,,,,,,,,,
40007421,,,,,,,,,,,,,,,,,,,,
40007422,,,,,,,,,,,,,,,,,,,,
,,,,,,,,,,,,,,,,,,,,
40007431,,,,,,,,,,,,,,,,,,,,
40007432,,,,,,,,,,,,,,,,,,,,
40007433,,,,,,,,,,,,,,,,,,,,
,,,,,,,,,,,,,,,,,,,,
,,,,,,,,,,,,,,,,,,,,
40007531,,,,,,,,,,,,,,,,,,,,
40007532,,,,,,,,,,,,,,,,,,,,
40007533,,,,,,,,,,,,,,,,,,,,
,,,,,,,,,,,,,,,,,,,,
40007541,,,,,,,,,,,,,,,,,,,,
40007542,,,,,,,,,,,,,,,,,,,,
40007543,,,,,,,,,,,,,,,,,,,,
,,,,,,,,,,,,,,,,,,,,
40007551,,,,,,,,,,,,,,,,,,,,
40007552,,,,,,,,,,,,,,,,,,,,
40007553,,,,,,,,,,,,,,,,,,,,
,,,,,,,,,,,,,,,,,,,,
,,,,,,,,,,,,,,,,,,,,
40007611,,,,,,,,,,,,,,,,,,,,
40007612,,,,,,,,,,,,,,,,,,,,
,,,,,,,,,,,,,,,,,,,,
40007621,,,,,,,,,,,,,,,,,,,,
40007622,,,,,,,,,,,,,,,,,,,,
,,,,,,,,,,,,,,,,,,,,
40007631,,,,,,,,,,,,,,,,,,,,
40007632,,,,,,,,,,,,,,,,,,,,
40007633,,,,,,,,,,,,,,,,,,,,
,,,,,,,,,,,,,,,,,,,,
,,,,,,,,,,,,,,,,,,,,
40007731,,,,,,,,,,,,,,,,,,,,
40007732,,,,,,,,,,,,,,,,,,,,
40007733,,,,,,,,,,,,,,,,,,,,
,,,,,,,,,,,,,,,,,,,,
40007741,,,,,,,,,,,,,,,,,,,,
40007742,,,,,,,,,,,,,,,,,,,,
40007743,,,,,,,,,,,,,,,,,,,,
,,,,,,,,,,,,,,,,,,,,
40007751,,,,,,,,,,,,,,,,,,,,
40007752,,,,,,,,,,,,,,,,,,,,
40007753,,,,,,,,,,,,,,,,,,,,
,,,,,,,,,,,,,,,,,,,,
,,,,,,,,,,,,,,,,,,,,
,,,,,,,,,,,,,,,,,,,,
40007811,,,,,,,,,,,,,,,,,,,,
40007812,,,,,,,,,,,,,,,,,,,,
40007813,,,,,,,,,,,,,,,,,,,,
,,,,,,,,,,,,,,,,,,,,
40007821,,,,,,,,,,,,,,,,,,,,
40007822,,,,,,,,,,,,,,,,,,,,
40007823,,,,,,,,,,,,,,,,,,,,
,,,,,,,,,,,,,,,,,,,,
40007831,,,,,,,,,,,,,,,,,,,,
40007832,,,,,,,,,,,,,,,,,,,,
40007833,,,,,,,,,,,,,,,,,,,,
,,,,,,,,,,,,,,,,,,,,
,,,,,,,,,,,,,,,,,,,,
40007931,,,,,,,,,,,,,,,,,,,,
40007932,,,,,,,,,,,,,,,,,,,,
40007933,,,,,,,,,,,,,,,,,,,,
,,,,,,,,,,,,,,,,,,,,
40007941,,,,,,,,,,,,,,,,,,,,
40007942,,,,,,,,,,,,,,,,,,,,
40007943,,,,,,,,,,,,,,,,,,,,
40007944,,,,,,,,,,,,,,,,,,,,
,,,,,,,,,,,,,,,,,,,,
40007951,,,,,,,,,,,,,,,,,,,,
40007952,,,,,,,,,,,,,,,,,,,,
40007953,,,,,,,,,,,,,,,,,,,,
40007954,,,,,,,,,,,,,,,,,,,,
,,,,,,,,,,,,,,,,,,,,
,,,,,,,,,,,,,,,,,,,,
40008011,,,,,,,,,,,,,,,,,,,,
40008012,,,,,,,,,,,,,,,,,,,,
40008013,,,,,,,,,,,,,,,,,,,,
,,,,,,,,,,,,,,,,,,,,
40008021,,,,,,,,,,,,,,,,,,,,
40008022,,,,,,,,,,,,,,,,,,,,
40008023,,,,,,,,,,,,,,,,,,,,
,,,,,,,,,,,,,,,,,,,,
40008031,,,,,,,,,,,,,,,,,,,,
40008032,,,,,,,,,,,,,,,,,,,,
40008033,,,,,,,,,,,,,,,,,,,,
,,,,,,,,,,,,,,,,,,,,
,,,,,,,,,,,,,,,,,,,,
40008131,,,,,,,,,,,,,,,,,,,,
40008132,,,,,,,,,,,,,,,,,,,,
40008133,,,,,,,,,,,,,,,,,,,,
,,,,,,,,,,,,,,,,,,,,
40008141,,,,,,,,,,,,,,,,,,,,
40008142,,,,,,,,,,,,,,,,,,,,
40008143,,,,,,,,,,,,,,,,,,,,
,,,,,,,,,,,,,,,,,,,,
40008151,,,,,,,,,,,,,,,,,,,,
40008152,,,,,,,,,,,,,,,,,,,,
40008153,,,,,,,,,,,,,,,,,,,,
,,,,,,,,,,,,,,,,,,,,
,,,,,,,,,,,,,,,,,,,,
40008211,,,,,,,,,,,,,,,,,,,,
40008212,,,,,,,,,,,,,,,,,,,,
40008213,,,,,,,,,,,,,,,,,,,,
,,,,,,,,,,,,,,,,,,,,
40008221,,,,,,,,,,,,,,,,,,,,
40008222,,,,,,,,,,,,,,,,,,,,
40008223,,,,,,,,,,,,,,,,,,,,
,,,,,,,,,,,,,,,,,,,,
40008231,,,,,,,,,,,,,,,,,,,,
40008232,,,,,,,,,,,,,,,,,,,,
40008233,,,,,,,,,,,,,,,,,,,,
,,,,,,,,,,,,,,,,,,,,
,,,,,,,,,,,,,,,,,,,,
,,,,,,,,,,,,,,,,,,,,
40008331,,,,,,,,,,,,,,,,,,,,
40008332,,,,,,,,,,,,,,,,,,,,
,,,,,,,,,,,,,,,,,,,,
40008341,,,,,,,,,,,,,,,,,,,,
40008342,,,,,,,,,,,,,,,,,,,,
40008343,,,,,,,,,,,,,,,,,,,,
,,,,,,,,,,,,,,,,,,,,
40008351,,,,,,,,,,,,,,,,,,,,
40008352,,,,,,,,,,,,,,,,,,,,
40008353,,,,,,,,,,,,,,,,,,,,
,,,,,,,,,,,,,,,,,,,,
,,,,,,,,,,,,,,,,,,,,
40008411,,,,,,,,,,,,,,,,,,,,
40008412,,,,,,,,,,,,,,,,,,,,
40008413,,,,,,,,,,,,,,,,,,,,
40008414,,,,,,,,,,,,,,,,,,,,
,,,,,,,,,,,,,,,,,,,,
40008421,,,,,,,,,,,,,,,,,,,,
40008422,,,,,,,,,,,,,,,,,,,,
40008423,,,,,,,,,,,,,,,,,,,,
40008424,,,,,,,,,,,,,,,,,,,,
,,,,,,,,,,,,,,,,,,,,
40008431,,,,,,,,,,,,,,,,,,,,
40008432,,,,,,,,,,,,,,,,,,,,
40008433,,,,,,,,,,,,,,,,,,,,
40008434,,,,,,,,,,,,,,,,,,,,
,,,,,,,,,,,,,,,,,,,,
,,,,,,,,,,,,,,,,,,,,
40008511,,,,,,,,,,,,,,,,,,,,
40008512,,,,,,,,,,,,,,,,,,,,
40008513,,,,,,,,,,,,,,,,,,,,
,,,,,,,,,,,,,,,,,,,,
40008521,,,,,,,,,,,,,,,,,,,,
40008522,,,,,,,,,,,,,,,,,,,,
40008523,,,,,,,,,,,,,,,,,,,,
,,,,,,,,,,,,,,,,,,,,
40008531,,,,,,,,,,,,,,,,,,,,
40008532,,,,,,,,,,,,,,,,,,,,
40008533,,,,,,,,,,,,,,,,,,,,
,,,,,,,,,,,,,,,,,,,,
,,,,,,,,,,,,,,,,,,,,
40008631,,,,,,,,,,,,,,,,,,,,
40008632,,,,,,,,,,,,,,,,,,,,
40008633,,,,,,,,,,,,,,,,,,,,
,,,,,,,,,,,,,,,,,,,,
40008641,,,,,,,,,,,,,,,,,,,,
40008642,,,,,,,,,,,,,,,,,,,,
40008643,,,,,,,,,,,,,,,,,,,,
,,,,,,,,,,,,,,,,,,,,
40008651,,,,,,,,,,,,,,,,,,,,
40008652,,,,,,,,,,,,,,,,,,,,
40008653,,,,,,,,,,,,,,,,,,,,
,,,,,,,,,,,,,,,,,,,,
,,,,,,,,,,,,,,,,,,,,
40008711,,,,,,,,,,,,,,,,,,,,
40008712,,,,,,,,,,,,,,,,,,,,
40008713,,,,,,,,,,,,,,,,,,,,
,,,,,,,,,,,,,,,,,,,,
40008721,,,,,,,,,,,,,,,,,,,,
40008722,,,,,,,,,,,,,,,,,,,,
40008723,,,,,,,,,,,,,,,,,,,,
,,,,,,,,,,,,,,,,,,,,
40008731,,,,,,,,,,,,,,,,,,,,
40008732,,,,,,,,,,,,,,,,,,,,
40008733,,,,,,,,,,,,,,,,,,,,
,,,,,,,,,,,,,,,,,,,,
,,,,,,,,,,,,,,,,,,,,
,,,,,,,,,,,,,,,,,,,,
40008831,,,,,,,,,,,,,,,,,,,,
40008832,,,,,,,,,,,,,,,,,,,,
40008833,,,,,,,,,,,,,,,,,,,,
,,,,,,,,,,,,,,,,,,,,
40008841,,,,,,,,,,,,,,,,,,,,
40008842,,,,,,,,,,,,,,,,,,,,
40008843,,,,,,,,,,,,,,,,,,,,
,,,,,,,,,,,,,,,,,,,,
40008851,,,,,,,,,,,,,,,,,,,,
40008852,,,,,,,,,,,,,,,,,,,,
40008853,,,,,,,,,,,,,,,,,,,,
,,,,,,,,,,,,,,,,,,,,
,,,,,,,,,,,,,,,,,,,,
40008911,,,,,,,,,,,,,,,,,,,,
40008912,,,,,,,,,,,,,,,,,,,,
40008913,,,,,,,,,,,,,,,,,,,,
,,,,,,,,,,,,,,,,,,,,
40008921,,,,,,,,,,,,,,,,,,,,
40008922,,,,,,,,,,,,,,,,,,,,
40008923,,,,,,,,,,,,,,,,,,,,
,,,,,,,,,,,,,,,,,,,,
40008931,,,,,,,,,,,,,,,,,,,,
40008932,,,,,,,,,,,,,,,,,,,,
40008933,,,,,,,,,,,,,,,,,,,,
,,,,,,,,,,,,,,,,,,,,
,,,,,,,,,,,,,,,,,,,,
40009011,,,,,,,,,,,,,,,,,,,,
40009012,,,,,,,,,,,,,,,,,,,,
40009013,,,,,,,,,,,,,,,,,,,,
,,,,,,,,,,,,,,,,,,,,
40009021,,,,,,,,,,,,,,,,,,,,
40009022,,,,,,,,,,,,,,,,,,,,
40009023,,,,,,,,,,,,,,,,,,,,
,,,,,,,,,,,,,,,,,,,,
40009031,,,,,,,,,,,,,,,,,,,,
40009032,,,,,,,,,,,,,,,,,,,,
40009033,,,,,,,,,,,,,,,,,,,,
,,,,,,,,,,,,,,,,,,,,
,,,,,,,,,,,,,,,,,,,,
40009111,,,,,,,,,,,,,,,,,,,,
40009112,,,,,,,,,,,,,,,,,,,,
,,,,,,,,,,,,,,,,,,,,
40009121,,,,,,,,,,,,,,,,,,,,
40009122,,,,,,,,,,,,,,,,,,,,
,,,,,,,,,,,,,,,,,,,,
40009131,,,,,,,,,,,,,,,,,,,,
40009132,,,,,,,,,,,,,,,,,,,,
40009133,,,,,,,,,,,,,,,,,,,,
40009134,,,,,,,,,,,,,,,,,,,,
,,,,,,,,,,,,,,,,,,,,
,,,,,,,,,,,,,,,,,,,,
40009231,,,,,,,,,,,,,,,,,,,,
40009232,,,,,,,,,,,,,,,,,,,,
40009233,,,,,,,,,,,,,,,,,,,,
,,,,,,,,,,,,,,,,,,,,
40009241,,,,,,,,,,,,,,,,,,,,
40009242,,,,,,,,,,,,,,,,,,,,
40009243,,,,,,,,,,,,,,,,,,,,
40009244,,,,,,,,,,,,,,,,,,,,
,,,,,,,,,,,,,,,,,,,,
40009251,,,,,,,,,,,,,,,,,,,,
40009252,,,,,,,,,,,,,,,,,,,,
40009253,,,,,,,,,,,,,,,,,,,,
40009254,,,,,,,,,,,,,,,,,,,,
,,,,,,,,,,,,,,,,,,,,
,,,,,,,,,,,,,,,,,,,,
,,,,,,,,,,,,,,,,,,,,
40009311,,,,,,,,,,,,,,,,,,,,
40009312,,,,,,,,,,,,,,,,,,,,
40009313,,,,,,,,,,,,,,,,,,,,
,,,,,,,,,,,,,,,,,,,,
40009321,,,,,,,,,,,,,,,,,,,,
40009322,,,,,,,,,,,,,,,,,,,,
40009323,,,,,,,,,,,,,,,,,,,,
,,,,,,,,,,,,,,,,,,,,
40009331,,,,,,,,,,,,,,,,,,,,
40009332,,,,,,,,,,,,,,,,,,,,
40009333,,,,,,,,,,,,,,,,,,,,
,,,,,,,,,,,,,,,,,,,,
,,,,,,,,,,,,,,,,,,,,
40009431,,,,,,,,,,,,,,,,,,,,
40009432,,,,,,,,,,,,,,,,,,,,
40009433,,,,,,,,,,,,,,,,,,,,
,,,,,,,,,,,,,,,,,,,,
40009441,,,,,,,,,,,,,,,,,,,,
40009442,,,,,,,,,,,,,,,,,,,,
40009443,,,,,,,,,,,,,,,,,,,,
,,,,,,,,,,,,,,,,,,,,
40009451,,,,,,,,,,,,,,,,,,,,
40009452,,,,,,,,,,,,,,,,,,,,
40009453,,,,,,,,,,,,,,,,,,,,
,,,,,,,,,,,,,,,,,,,,
,,,,,,,,,,,,,,,,,,,,
40009511,,,,,,,,,,,,,,,,,,,,
40009512,,,,,,,,,,,,,,,,,,,,
40009513,,,,,,,,,,,,,,,,,,,,
,,,,,,,,,,,,,,,,,,,,
40009521,,,,,,,,,,,,,,,,,,,,
40009522,,,,,,,,,,,,,,,,,,,,
40009523,,,,,,,,,,,,,,,,,,,,
,,,,,,,,,,,,,,,,,,,,
40009531,,,,,,,,,,,,,,,,,,,,
40009532,,,,,,,,,,,,,,,,,,,,
40009533,,,,,,,,,,,,,,,,,,,,
,,,,,,,,,,,,,,,,,,,,
,,,,,,,,,,,,,,,,,,,,
40009631,,,,,,,,,,,,,,,,,,,,
40009632,,,,,,,,,,,,,,,,,,,,
40009633,,,,,,,,,,,,,,,,,,,,
,,,,,,,,,,,,,,,,,,,,
40009641,,,,,,,,,,,,,,,,,,,,
40009642,,,,,,,,,,,,,,,,,,,,
40009643,,,,,,,,,,,,,,,,,,,,
,,,,,,,,,,,,,,,,,,,,
40009651,,,,,,,,,,,,,,,,,,,,
40009652,,,,,,,,,,,,,,,,,,,,
40009653,,,,,,,,,,,,,,,,,,,,
,,,,,,,,,,,,,,,,,,,,
,,,,,,,,,,,,,,,,,,,,
40009711,,,,,,,,,,,,,,,,,,,,
40009712,,,,,,,,,,,,,,,,,,,,
40009713,,,,,,,,,,,,,,,,,,,,
,,,,,,,,,,,,,,,,,,,,
40009721,,,,,,,,,,,,,,,,,,,,
40009722,,,,,,,,,,,,,,,,,,,,
40009723,,,,,,,,,,,,,,,,,,,,
,,,,,,,,,,,,,,,,,,,,
40009731,,,,,,,,,,,,,,,,,,,,
40009732,,,,,,,,,,,,,,,,,,,,
40009733,,,,,,,,,,,,,,,,,,,,
,,,,,,,,,,,,,,,,,,,,
,,,,,,,,,,,,,,,,,,,,
,,,,,,,,,,,,,,,,,,,,
40009811,,,,,,,,,,,,,,,,,,,,
40009812,,,,,,,,,,,,,,,,,,,,
40009813,,,,,,,,,,,,,,,,,,,,
,,,,,,,,,,,,,,,,,,,,
40009821,,,,,,,,,,,,,,,,,,,,
40009822,,,,,,,,,,,,,,,,,,,,
40009823,,,,,,,,,,,,,,,,,,,,
,,,,,,,,,,,,,,,,,,,,
40009831,,,,,,,,,,,,,,,,,,,,
40009832,,,,,,,,,,,,,,,,,,,,
40009833,,,,,,,,,,,,,,,,,,,,
,,,,,,,,,,,,,,,,,,,,
,,,,,,,,,,,,,,,,,,,,
40009911,,,,,,,,,,,,,,,,,,,,
40009912,,,,,,,,,,,,,,,,,,,,
,,,,,,,,,,,,,,,,,,,,
40009921,,,,,,,,,,,,,,,,,,,,
40009922,,,,,,,,,,,,,,,,,,,,
,,,,,,,,,,,,,,,,,,,,
40009931,,,,,,,,,,,,,,,,,,,,
40009932,,,,,,,,,,,,,,,,,,,,
40009933,,,,,,,,,,,,,,,,,,,,
,,,,,,,,,,,,,,,,,,,,
,,,,,,,,,,,,,,,,,,,,
40010031,,,,,,,,,,,,,,,,,,,,
40010032,,,,,,,,,,,,,,,,,,,,
40010033,,,,,,,,,,,,,,,,,,,,
,,,,,,,,,,,,,,,,,,,,
40010041,,,,,,,,,,,,,,,,,,,,
40010042,,,,,,,,,,,,,,,,,,,,
40010043,,,,,,,,,,,,,,,,,,,,
,,,,,,,,,,,,,,,,,,,,
40010051,,,,,,,,,,,,,,,,,,,,
40010052,,,,,,,,,,,,,,,,,,,,
40010053,,,,,,,,,,,,,,,,,,,,
,,,,,,,,,,,,,,,,,,,,
,,,,,,,,,,,,,,,,,,,,
40010131,,,,,,,,,,,,,,,,,,,,
40010132,,,,,,,,,,,,,,,,,,,,
40010133,,,,,,,,,,,,,,,,,,,,
,,,,,,,,,,,,,,,,,,,,
40010141,,,,,,,,,,,,,,,,,,,,
40010142,,,,,,,,,,,,,,,,,,,,
40010143,,,,,,,,,,,,,,,,,,,,
,,,,,,,,,,,,,,,,,,,,
40010151,,,,,,,,,,,,,,,,,,,,
40010152,,,,,,,,,,,,,,,,,,,,
40010153,,,,,,,,,,,,,,,,,,,,
,,,,,,,,,,,,,,,,,,,,
,,,,,,,,,,,,,,,,,,,,
40010211,,,,,,,,,,,,,,,,,,,,
40010212,,,,,,,,,,,,,,,,,,,,
40010213,,,,,,,,,,,,,,,,,,,,
,,,,,,,,,,,,,,,,,,,,
40010221,,,,,,,,,,,,,,,,,,,,
40010222,,,,,,,,,,,,,,,,,,,,
40010223,,,,,,,,,,,,,,,,,,,,
,,,,,,,,,,,,,,,,,,,,
40010231,,,,,,,,,,,,,,,,,,,,
40010232,,,,,,,,,,,,,,,,,,,,
40010233,,,,,,,,,,,,,,,,,,,,
,,,,,,,,,,,,,,,,,,,,
,,,,,,,,,,,,,,,,,,,,
,,,,,,,,,,,,,,,,,,,,
40010331,,,,,,,,,,,,,,,,,,,,
40010332,,,,,,,,,,,,,,,,,,,,
40010333,,,,,,,,,,,,,,,,,,,,
40010334,,,,,,,,,,,,,,,,,,,,
,,,,,,,,,,,,,,,,,,,,
40010341,,,,,,,,,,,,,,,,,,,,
40010342,,,,,,,,,,,,,,,,,,,,
40010343,,,,,,,,,,,,,,,,,,,,
40010344,,,,,,,,,,,,,,,,,,,,
,,,,,,,,,,,,,,,,,,,,
40010351,,,,,,,,,,,,,,,,,,,,
40010352,,,,,,,,,,,,,,,,,,,,
40010353,,,,,,,,,,,,,,,,,,,,
40010354,,,,,,,,,,,,,,,,,,,,
,,,,,,,,,,,,,,,,,,,,
,,,,,,,,,,,,,,,,,,,,
40010411,,,,,,,,,,,,,,,,,,,,
40010412,,,,,,,,,,,,,,,,,,,,
40010413,,,,,,,,,,,,,,,,,,,,
,,,,,,,,,,,,,,,,,,,,
40010421,,,,,,,,,,,,,,,,,,,,
40010422,,,,,,,,,,,,,,,,,,,,
40010423,,,,,,,,,,,,,,,,,,,,
,,,,,,,,,,,,,,,,,,,,
40010431,,,,,,,,,,,,,,,,,,,,
40010432,,,,,,,,,,,,,,,,,,,,
40010433,,,,,,,,,,,,,,,,,,,,
,,,,,,,,,,,,,,,,,,,,
,,,,,,,,,,,,,,,,,,,,
40010511,,,,,,,,,,,,,,,,,,,,
40010512,,,,,,,,,,,,,,,,,,,,
40010513,,,,,,,,,,,,,,,,,,,,
,,,,,,,,,,,,,,,,,,,,
40010521,,,,,,,,,,,,,,,,,,,,
40010522,,,,,,,,,,,,,,,,,,,,
40010523,,,,,,,,,,,,,,,,,,,,
,,,,,,,,,,,,,,,,,,,,
40010531,,,,,,,,,,,,,,,,,,,,
40010532,,,,,,,,,,,,,,,,,,,,
40010533,,,,,,,,,,,,,,,,,,,,
,,,,,,,,,,,,,,,,,,,,
,,,,,,,,,,,,,,,,,,,,
40010631,,,,,,,,,,,,,,,,,,,,
40010632,,,,,,,,,,,,,,,,,,,,
40010633,,,,,,,,,,,,,,,,,,,,
,,,,,,,,,,,,,,,,,,,,
40010641,,,,,,,,,,,,,,,,,,,,
40010642,,,,,,,,,,,,,,,,,,,,
40010643,,,,,,,,,,,,,,,,,,,,
,,,,,,,,,,,,,,,,,,,,
40010651,,,,,,,,,,,,,,,,,,,,
40010652,,,,,,,,,,,,,,,,,,,,
40010653,,,,,,,,,,,,,,,,,,,,
,,,,,,,,,,,,,,,,,,,,
,,,,,,,,,,,,,,,,,,,,
40010711,,,,,,,,,,,,,,,,,,,,
40010712,,,,,,,,,,,,,,,,,,,,
40010713,,,,,,,,,,,,,,,,,,,,
,,,,,,,,,,,,,,,,,,,,
40010721,,,,,,,,,,,,,,,,,,,,
40010722,,,,,,,,,,,,,,,,,,,,
40010723,,,,,,,,,,,,,,,,,,,,
,,,,,,,,,,,,,,,,,,,,
40010731,,,,,,,,,,,,,,,,,,,,
40010732,,,,,,,,,,,,,,,,,,,,
40010733,,,,,,,,,,,,,,,,,,,,
,,,,,,,,,,,,,,,,,,,,
,,,,,,,,,,,,,,,,,,,,
,,,,,,,,,,,,,,,,,,,,
40016331,cv_tb_event.cpk,,,,510030010,510030020,,,,510030060,510030070,510030080,,,,,,,,
40016332,cv_tb_event.cpk,,,,,,510030050,,,,,,510030090,510030100,,,,,,
,,,,,,,,,,,,,,,,,,,,
40016341,cv_tb_event.cpk,,,,510030010,510030020,,,,510030060,510030070,510030080,,,,,,,,
40016342,cv_tb_event.cpk,,,,,,510030050,,,,,,510030090,510030100,,,,,,
,,,,,,,,,,,,,,,,,,,,
40016351,cv_tb_event.cpk,,,,510030010,510030020,,,,510030060,510030070,510030080,,,,,,,,
40016352,cv_tb_event.cpk,,,,,,510030050,,,,,,510030090,510030100,,,,,,
,,,,,,,,,,,,,,,,,,,,
,,,,,,,,,,,,,,,,,,,,
40016731,cv_tb_event.cpk,,,,510040010,510040020,,,,510040060,510040070,510040080,,,,,,,,
40016732,cv_tb_event.cpk,,,,,,510040030,,,,,,510040090,510040100,510040110,510040130,,,,
40016733,cv_tb_event.cpk,,,,,,,510040040,,,,,,,,,510040120,510040140,,
,,,,,,,,,,,,,,,,,,,,
40016741,cv_tb_event.cpk,,,,510040010,510040020,,,,510040060,510040070,510040080,,,,,,,,
40016742,cv_tb_event.cpk,,,,,,510040030,,,,,,510040090,510040100,510040110,510040130,,,,
40016743,cv_tb_event.cpk,,,,,,,510040040,,,,,,,,,510040120,510040140,,
,,,,,,,,,,,,,,,,,,,,
40016751,cv_tb_event.cpk,,,,510040010,510040020,,,,510040060,510040070,510040080,,,,,,,,
40016752,cv_tb_event.cpk,,,,,,510040030,,,,,,510040090,510040100,510040110,510040130,,,,
40016753,cv_tb_event.cpk,,,,,,,510040040,,,,,,,,,510040120,510040140,,
,,,,,,,,,,,,,,,,,,,,
,,,,,,,,,,,,,,,,,,,,
,,,,,,,,,,,,,,,,,,,,
40019131,cv_tb_event.cpk,510050070,,510050120,510050010,510050110,,,,510050060,510050130,510050230,510050240,,,,,,,
40019132,cv_tb_event.cpk,,510050080,,,,510050090,,,,,,,510050140,510050150,510050160,510050050,,,
40019133,cv_tb_event.cpk,,510050080,,,,,510050100,,,,,,,,,,510050200,510050220,
,,,,,,,,,,,,,,,,,,,,
40019141,cv_tb_event.cpk,510050070,,510050120,510050010,510050110,,,,510050060,510050130,510050230,510050240,,,,,,,
40019142,cv_tb_event.cpk,,510050080,,,,510050090,,,,,,,510050140,510050150,510050160,510050050,,,
40019143,cv_tb_event.cpk,,510050080,,,,,510050100,,,,,,,,,,510050200,510050220,
,,,,,,,,,,,,,,,,,,,,
40019151,cv_tb_event.cpk,510050070,,510050120,510050010,510050110,,,,510050060,510050130,510050230,510050240,,,,,,,
40019152,cv_tb_event.cpk,,510050080,,,,510050090,,,,,,,510050140,510050150,510050160,510050050,,,
40019153,cv_tb_event.cpk,,510050080,,,,,510050100,,,,,,,,,,510050200,510050220,
,,,,,,,,,,,,,,,,,,,,
,,,,,,,,,,,,,,,,,,,,
40019231,cv_tb_event.cpk,510060070,,510060120,510060020,510060110,,,,510060150,510060140,510060180,510060060,510060210,,,,,,
40019232,cv_tb_event.cpk,,510060090,,,,510060080,,,,,,,,510060190,510060130,510060240,510060160,510060200,
,,,,,,,,,,,,,,,,,,,,
40019241,cv_tb_event.cpk,510060070,,510060120,510060020,510060110,,,,510060150,510060140,510060180,510060060,510060210,,,,,,
40019242,cv_tb_event.cpk,,510060090,,,,510060080,,,,,,,,510060190,510060130,510060240,510060160,510060200,
,,,,,,,,,,,,,,,,,,,,
40019251,cv_tb_event.cpk,510060070,,510060120,510060020,510060110,,,,510060150,510060140,510060180,510060060,510060210,,,,,,
40019252,cv_tb_event.cpk,,510060090,,,,510060080,,,,,,,,510060190,510060130,510060240,510060160,510060200,
,,,,,,,,,,,,,,,,,,,,
,,,,,,,,,,,,,,,,,,,,
,,,,,,,,,,,,,,,,,,,,
50001010,,,,,,,,,,,,,,,,,,,,
50101010,,,,,,,,,,,,,,,,,,,,
50101020,,,,,,,,,,,,,,,,,,,,
50101021,,,,,,,,,,,,,,,,,,,,
50101022,,,,,,,,,,,,,,,,,,,,
,,,,,,,,,,,,,,,,,,,,
50106010,cv_tb_001.cpk,500010140,500010150,,,,,,,,,,,,,,,,,
50106011,,,,,,,,,,,,,,,,,,,,
50106020,cv_tb_001.cpk,500010140,500010150,,,,,,,,,,,,,,,,,
50106021,,,,,,,,,,,,,,,,,,,,
,,,,,,,,,,,,,,,,,,,,
50107010,cv_tb_001.cpk,500010140,500010150,,,,,,,,,,,,,,,,,
50107011,,,,,,,,,,,,,,,,,,,,
50107020,cv_tb_001.cpk,500010140,500010150,,,,,,,,,,,,,,,,,
50107021,,,,,,,,,,,,,,,,,,,,
,,,,,,,,,,,,,,,,,,,,
50108010,cv_tb_001.cpk,500010140,500010150,,,,,,,,,,,,,,,,,
50108011,,,,,,,,,,,,,,,,,,,,
50108020,cv_tb_001.cpk,500010140,500010150,,,,,,,,,,,,,,,,,
50108021,,,,,,,,,,,,,,,,,,,,
50108030,cv_tb_001.cpk,500010140,500010150,,,,,,,,,,,,,,,,,
50108031,,,,,,,,,,,,,,,,,,,,
50108040,cv_tb_001.cpk,500010140,500010150,,,,,,,,,,,,,,,,,
50108041,,,,,,,,,,,,,,,,,,,,
,,,,,,,,,,,,,,,,,,,,
50205010,,,,,,,,,,,,,,,,,,,,
50205011,,,,,,,,,,,,,,,,,,,,
50205020,,,,,,,,,,,,,,,,,,,,
50205021,,,,,,,,,,,,,,,,,,,,
50205022,,,,,,,,,,,,,,,,,,,,
,,,,,,,,,,,,,,,,,,,,
50207010,,,,,,,,,,,,,,,,,,,,
50207011,,,,,,,,,,,,,,,,,,,,
50207020,,,,,,,,,,,,,,,,,,,,
50207021,,,,,,,,,,,,,,,,,,,,
50207022,,,,,,,,,,,,,,,,,,,,
,,,,,,,,,,,,,,,,,,,,
50208010,,,,,,,,,,,,,,,,,,,,
50208011,,,,,,,,,,,,,,,,,,,,
50208020,,,,,,,,,,,,,,,,,,,,
50208021,,,,,,,,,,,,,,,,,,,,
50208022,,,,,,,,,,,,,,,,,,,,
,,,,,,,,,,,,,,,,,,,,
50306010,,,,,,,,,,,,,,,,,,,,
50306011,,,,,,,,,,,,,,,,,,,,
50306020,,,,,,,,,,,,,,,,,,,,
50306021,,,,,,,,,,,,,,,,,,,,
50306022,,,,,,,,,,,,,,,,,,,,
,,,,,,,,,,,,,,,,,,,,
50307010,cv_tb_002.cpk,500020140,500020150,,,,,,,,,,,,,,,,,
50307011,,,,,,,,,,,,,,,,,,,,
50307020,cv_tb_002.cpk,500020140,500020150,,,,,,,,,,,,,,,,,
50307021,,,,,,,,,,,,,,,,,,,,
50307030,cv_tb_002.cpk,500020140,500020150,,,,,,,,,,,,,,,,,
,,,,,,,,,,,,,,,,,,,,
50404010,,,,,,,,,,,,,,,,,,,,
50404011,,,,,,,,,,,,,,,,,,,,
50404020,,,,,,,,,,,,,,,,,,,,
50404021,,,,,,,,,,,,,,,,,,,,
50404030,,,,,,,,,,,,,,,,,,,,
50404031,,,,,,,,,,,,,,,,,,,,
,,,,,,,,,,,,,,,,,,,,
50407010,,,,,,,,,,,,,,,,,,,,
50407020,,,,,,,,,,,,,,,,,,,,
,,,,,,,,,,,,,,,,,,,,
50408010,cv_tb_001.cpk,500010140,500010150,,,,,,,,,,,,,,,,,
50408011,,,,,,,,,,,,,,,,,,,,
50408020,cv_tb_001.cpk,500010140,500010150,,,,,,,,,,,,,,,,,
50408021,,,,,,,,,,,,,,,,,,,,
50408030,cv_tb_001.cpk,500010140,500010150,,,,,,,,,,,,,,,,,
50408031,,,,,,,,,,,,,,,,,,,,
,,,,,,,,,,,,,,,,,,,,
50601010,,,,,,,,,,,,,,,,,,,,
50601020,,,,,,,,,,,,,,,,,,,,
,,,,,,,,,,,,,,,,,,,,
50606010,,,,,,,,,,,,,,,,,,,,
50606020,,,,,,,,,,,,,,,,,,,,
,,,,,,,,,,,,,,,,,,,,
50608010,,,,,,,,,,,,,,,,,,,,
50608020,,,,,,,,,,,,,,,,,,,,
,,,,,,,,,,,,,,,,,,,,
50703010,,,,,,,,,,,,,,,,,,,,
,,,,,,,,,,,,,,,,,,,,
,,,,,,,,,,,,,,,,,,,,
60001110,,,,,,,,,,,,,,,,,,,,
60001410,,,,,,,,,,,,,,,,,,,,
,,,,,,,,,,,,,,,,,,,,
60002110,,,,,,,,,,,,,,,,,,,,
60002410,,,,,,,,,,,,,,,,,,,,
,,,,,,,,,,,,,,,,,,,,
60003110,,,,,,,,,,,,,,,,,,,,
60003210,,,,,,,,,,,,,,,,,,,,
60003310,,,,,,,,,,,,,,,,,,,,
60003311,,,,,,,,,,,,,,,,,,,,
60003410,,,,,,,,,,,,,,,,,,,,
,,,,,,,,,,,,,,,,,,,,
60004110,,,,,,,,,,,,,,,,,,,,
60004111,,,,,,,,,,,,,,,,,,,,
60004112,,,,,,,,,,,,,,,,,,,,
60004510,,,,,,,,,,,,,,,,,,,,
,,,,,,,,,,,,,,,,,,,,
60005110,,,,,,,,,,,,,,,,,,,,
,,,,,,,,,,,,,,,,,,,,
60006110,,,,,,,,,,,,,,,,,,,,
60006111,,,,,,,,,,,,,,,,,,,,
60006112,,,,,,,,,,,,,,,,,,,,
60006510,,,,,,,,,,,,,,,,,,,,
60006511,,,,,,,,,,,,,,,,,,,,
,,,,,,,,,,,,,,,,,,,,
60008110,,,,,,,,,,,,,,,,,,,,
60008510,,,,,,,,,,,,,,,,,,,,
,,,,,,,,,,,,,,,,,,,,
60009110,,,,,,,,,,,,,,,,,,,,
60009410,,,,,,,,,,,,,,,,,,,,
60009411,,,,,,,,,,,,,,,,,,,,
60009412,,,,,,,,,,,,,,,,,,,,
,,,,,,,,,,,,,,,,,,,,
60011010,,,,,,,,,,,,,,,,,,,,
60011040,,,,,,,,,,,,,,,,,,,,
,,,,,,,,,,,,,,,,,,,,
60011110,,,,,,,,,,,,,,,,,,,,
60011310,,,,,,,,,,,,,,,,,,,,
60011320,,,,,,,,,,,,,,,,,,,,
,,,,,,,,,,,,,,,,,,,,
60012110,,,,,,,,,,,,,,,,,,,,
60012510,,,,,,,,,,,,,,,,,,,,
,,,,,,,,,,,,,,,,,,,,
,,,,,,,,,,,,,,,,,,,,
,,,,,,,,,,,,,,,,,,,,
70000131,,,,,,,,,,,,,,,,,,,,
70000132,,,,,,,,,,,,,,,,,,,,
70000133,,,,,,,,,,,,,,,,,,,,
,,,,,,,,,,,,,,,,,,,,
70000141,,,,,,,,,,,,,,,,,,,,
70000142,,,,,,,,,,,,,,,,,,,,
70000143,,,,,,,,,,,,,,,,,,,,
70000144,,,,,,,,,,,,,,,,,,,,
,,,,,,,,,,,,,,,,,,,,
,,,,,,,,,,,,,,,,,,,,
70000221,,,,,,,,,,,,,,,,,,,,
70000222,,,,,,,,,,,,,,,,,,,,
,,,,,,,,,,,,,,,,,,,,
70000231,,,,,,,,,,,,,,,,,,,,
70000232,,,,,,,,,,,,,,,,,,,,
70000233,,,,,,,,,,,,,,,,,,,,
,,,,,,,,,,,,,,,,,,,,
,,,,,,,,,,,,,,,,,,,,
70000321,,,,,,,,,,,,,,,,,,,,
70000322,,,,,,,,,,,,,,,,,,,,
,,,,,,,,,,,,,,,,,,,,
70000331,,,,,,,,,,,,,,,,,,,,
70000332,,,,,,,,,,,,,,,,,,,,
,,,,,,,,,,,,,,,,,,,,
,,,,,,,,,,,,,,,,,,,,
70000421,,,,,,,,,,,,,,,,,,,,
70000422,,,,,,,,,,,,,,,,,,,,
70000423,,,,,,,,,,,,,,,,,,,,
,,,,,,,,,,,,,,,,,,,,
70000431,,,,,,,,,,,,,,,,,,,,
70000432,,,,,,,,,,,,,,,,,,,,
70000433,,,,,,,,,,,,,,,,,,,,
,,,,,,,,,,,,,,,,,,,,
,,,,,,,,,,,,,,,,,,,,
70000531,,,,,,,,,,,,,,,,,,,,
70000532,,,,,,,,,,,,,,,,,,,,
,,,,,,,,,,,,,,,,,,,,
70000541,,,,,,,,,,,,,,,,,,,,
70000542,,,,,,,,,,,,,,,,,,,,
70000543,,,,,,,,,,,,,,,,,,,,
,,,,,,,,,,,,,,,,,,,,
,,,,,,,,,,,,,,,,,,,,
,,,,,,,,,,,,,,,,,,,,
70000631,,,,,,,,,,,,,,,,,,,,
70000632,,,,,,,,,,,,,,,,,,,,
70000633,,,,,,,,,,,,,,,,,,,,
,,,,,,,,,,,,,,,,,,,,
70000641,,,,,,,,,,,,,,,,,,,,
70000642,,,,,,,,,,,,,,,,,,,,
70000643,,,,,,,,,,,,,,,,,,,,
,,,,,,,,,,,,,,,,,,,,
,,,,,,,,,,,,,,,,,,,,
70000721,,,,,,,,,,,,,,,,,,,,
70000722,,,,,,,,,,,,,,,,,,,,
70000723,,,,,,,,,,,,,,,,,,,,
,,,,,,,,,,,,,,,,,,,,
70000731,,,,,,,,,,,,,,,,,,,,
70000732,,,,,,,,,,,,,,,,,,,,
70000733,,,,,,,,,,,,,,,,,,,,
,,,,,,,,,,,,,,,,,,,,
,,,,,,,,,,,,,,,,,,,,
70000821,,,,,,,,,,,,,,,,,,,,
70000822,,,,,,,,,,,,,,,,,,,,
70000823,,,,,,,,,,,,,,,,,,,,
,,,,,,,,,,,,,,,,,,,,
70000831,,,,,,,,,,,,,,,,,,,,
70000832,,,,,,,,,,,,,,,,,,,,
70000833,,,,,,,,,,,,,,,,,,,,
,,,,,,,,,,,,,,,,,,,,
,,,,,,,,,,,,,,,,,,,,
70000931,,,,,,,,,,,,,,,,,,,,
70000932,,,,,,,,,,,,,,,,,,,,
70000933,,,,,,,,,,,,,,,,,,,,
,,,,,,,,,,,,,,,,,,,,
70000941,,,,,,,,,,,,,,,,,,,,
70000942,,,,,,,,,,,,,,,,,,,,
70000943,,,,,,,,,,,,,,,,,,,,
,,,,,,,,,,,,,,,,,,,,
,,,,,,,,,,,,,,,,,,,,
70001021,,,,,,,,,,,,,,,,,,,,
70001022,,,,,,,,,,,,,,,,,,,,
70001023,,,,,,,,,,,,,,,,,,,,
,,,,,,,,,,,,,,,,,,,,
70001031,,,,,,,,,,,,,,,,,,,,
70001032,,,,,,,,,,,,,,,,,,,,
70001033,,,,,,,,,,,,,,,,,,,,
,,,,,,,,,,,,,,,,,,,,
,,,,,,,,,,,,,,,,,,,,
,,,,,,,,,,,,,,,,,,,,
70001121,,,,,,,,,,,,,,,,,,,,
70001122,,,,,,,,,,,,,,,,,,,,
,,,,,,,,,,,,,,,,,,,,
70001131,,,,,,,,,,,,,,,,,,,,
70001132,,,,,,,,,,,,,,,,,,,,
70001133,,,,,,,,,,,,,,,,,,,,
,,,,,,,,,,,,,,,,,,,,
,,,,,,,,,,,,,,,,,,,,
70001221,,,,,,,,,,,,,,,,,,,,
70001222,,,,,,,,,,,,,,,,,,,,
,,,,,,,,,,,,,,,,,,,,
70001231,,,,,,,,,,,,,,,,,,,,
70001232,,,,,,,,,,,,,,,,,,,,
70001233,,,,,,,,,,,,,,,,,,,,
,,,,,,,,,,,,,,,,,,,,
,,,,,,,,,,,,,,,,,,,,
70001321,,,,,,,,,,,,,,,,,,,,
70001322,,,,,,,,,,,,,,,,,,,,
,,,,,,,,,,,,,,,,,,,,
70001331,,,,,,,,,,,,,,,,,,,,
70001332,,,,,,,,,,,,,,,,,,,,
,,,,,,,,,,,,,,,,,,,,
,,,,,,,,,,,,,,,,,,,,
70001431,,,,,,,,,,,,,,,,,,,,
70001432,,,,,,,,,,,,,,,,,,,,
,,,,,,,,,,,,,,,,,,,,
70001451,,,,,,,,,,,,,,,,,,,,
70001452,,,,,,,,,,,,,,,,,,,,
70001453,,,,,,,,,,,,,,,,,,,,
,,,,,,,,,,,,,,,,,,,,
,,,,,,,,,,,,,,,,,,,,
70001531,,,,,,,,,,,,,,,,,,,,
70001532,,,,,,,,,,,,,,,,,,,,
,,,,,,,,,,,,,,,,,,,,
70001551,,,,,,,,,,,,,,,,,,,,
70001552,,,,,,,,,,,,,,,,,,,,
70001553,,,,,,,,,,,,,,,,,,,,
,,,,,,,,,,,,,,,,,,,,
,,,,,,,,,,,,,,,,,,,,
,,,,,,,,,,,,,,,,,,,,
70001621,,,,,,,,,,,,,,,,,,,,
70001622,,,,,,,,,,,,,,,,,,,,
,,,,,,,,,,,,,,,,,,,,
70001631,,,,,,,,,,,,,,,,,,,,
70001632,,,,,,,,,,,,,,,,,,,,
,,,,,,,,,,,,,,,,,,,,
,,,,,,,,,,,,,,,,,,,,
70001731,,,,,,,,,,,,,,,,,,,,
70001732,,,,,,,,,,,,,,,,,,,,
70001733,,,,,,,,,,,,,,,,,,,,
,,,,,,,,,,,,,,,,,,,,
70001741,,,,,,,,,,,,,,,,,,,,
70001742,,,,,,,,,,,,,,,,,,,,
70001743,,,,,,,,,,,,,,,,,,,,
,,,,,,,,,,,,,,,,,,,,
,,,,,,,,,,,,,,,,,,,,
70001831,,,,,,,,,,,,,,,,,,,,
70001832,,,,,,,,,,,,,,,,,,,,
70001833,,,,,,,,,,,,,,,,,,,,
,,,,,,,,,,,,,,,,,,,,
70001841,,,,,,,,,,,,,,,,,,,,
70001842,,,,,,,,,,,,,,,,,,,,
70001843,,,,,,,,,,,,,,,,,,,,
,,,,,,,,,,,,,,,,,,,,
,,,,,,,,,,,,,,,,,,,,
70001921,,,,,,,,,,,,,,,,,,,,
70001922,,,,,,,,,,,,,,,,,,,,
,,,,,,,,,,,,,,,,,,,,
70001931,,,,,,,,,,,,,,,,,,,,
70001932,,,,,,,,,,,,,,,,,,,,
,,,,,,,,,,,,,,,,,,,,
,,,,,,,,,,,,,,,,,,,,
70002021,,,,,,,,,,,,,,,,,,,,
70002022,,,,,,,,,,,,,,,,,,,,
,,,,,,,,,,,,,,,,,,,,
70002031,,,,,,,,,,,,,,,,,,,,
70002032,,,,,,,,,,,,,,,,,,,,
,,,,,,,,,,,,,,,,,,,,
,,,,,,,,,,,,,,,,,,,,
,,,,,,,,,,,,,,,,,,,,
70003821,,,,,,,,,,,,,,,,,,,,
70003822,,,,,,,,,,,,,,,,,,,,
70003823,,,,,,,,,,,,,,,,,,,,
,,,,,,,,,,,,,,,,,,,,
70003831,,,,,,,,,,,,,,,,,,,,
70003832,,,,,,,,,,,,,,,,,,,,
70003833,,,,,,,,,,,,,,,,,,,,
,,,,,,,,,,,,,,,,,,,,
,,,,,,,,,,,,,,,,,,,,
70003921,,,,,,,,,,,,,,,,,,,,
70003922,,,,,,,,,,,,,,,,,,,,
70003923,,,,,,,,,,,,,,,,,,,,
,,,,,,,,,,,,,,,,,,,,
70003931,,,,,,,,,,,,,,,,,,,,
70003932,,,,,,,,,,,,,,,,,,,,
70003933,,,,,,,,,,,,,,,,,,,,
,,,,,,,,,,,,,,,,,,,,
,,,,,,,,,,,,,,,,,,,,
70004031,,,,,,,,,,,,,,,,,,,,
70004032,,,,,,,,,,,,,,,,,,,,
70004033,,,,,,,,,,,,,,,,,,,,
,,,,,,,,,,,,,,,,,,,,
70004041,,,,,,,,,,,,,,,,,,,,
70004042,,,,,,,,,,,,,,,,,,,,
70004043,,,,,,,,,,,,,,,,,,,,
,,,,,,,,,,,,,,,,,,,,
,,,,,,,,,,,,,,,,,,,,
70004131,,,,,,,,,,,,,,,,,,,,
70004132,,,,,,,,,,,,,,,,,,,,
70004133,,,,,,,,,,,,,,,,,,,,
,,,,,,,,,,,,,,,,,,,,
70004141,,,,,,,,,,,,,,,,,,,,
70004142,,,,,,,,,,,,,,,,,,,,
70004143,,,,,,,,,,,,,,,,,,,,
,,,,,,,,,,,,,,,,,,,,
,,,,,,,,,,,,,,,,,,,,
70004221,,,,,,,,,,,,,,,,,,,,
70004222,,,,,,,,,,,,,,,,,,,,
70004223,,,,,,,,,,,,,,,,,,,,
,,,,,,,,,,,,,,,,,,,,
70004231,,,,,,,,,,,,,,,,,,,,
70004232,,,,,,,,,,,,,,,,,,,,
70004233,,,,,,,,,,,,,,,,,,,,
,,,,,,,,,,,,,,,,,,,,
,,,,,,,,,,,,,,,,,,,,
,,,,,,,,,,,,,,,,,,,,
,,,,,,,,,,,,,,,,,,,,
80000021,,,,,,,,,,,,,,,,,,,,
80000022,,,,,,,,,,,,,,,,,,,,
,,,,,,,,,,,,,,,,,,,,
80000031,,,,,,,,,,,,,,,,,,,,
80000032,,,,,,,,,,,,,,,,,,,,
80000033,,,,,,,,,,,,,,,,,,,,
,,,,,,,,,,,,,,,,,,,,
80000051,,,,,,,,,,,,,,,,,,,,
80000052,,,,,,,,,,,,,,,,,,,,
80000053,,,,,,,,,,,,,,,,,,,,
,,,,,,,,,,,,,,,,,,,,
80000061,,,,,,,,,,,,,,,,,,,,
80000062,,,,,,,,,,,,,,,,,,,,
80000063,,,,,,,,,,,,,,,,,,,,
,,,,,,,,,,,,,,,,,,,,
,,,,,,,,,,,,,,,,,,,,
80000121,,,,,,,,,,,,,,,,,,,,
80000122,,,,,,,,,,,,,,,,,,,,
,,,,,,,,,,,,,,,,,,,,
80000131,,,,,,,,,,,,,,,,,,,,
80000132,,,,,,,,,,,,,,,,,,,,
80000133,,,,,,,,,,,,,,,,,,,,
80000134,,,,,,,,,,,,,,,,,,,,
,,,,,,,,,,,,,,,,,,,,
80000151,,,,,,,,,,,,,,,,,,,,
80000152,,,,,,,,,,,,,,,,,,,,
80000153,,,,,,,,,,,,,,,,,,,,
80000154,,,,,,,,,,,,,,,,,,,,
,,,,,,,,,,,,,,,,,,,,
80000161,,,,,,,,,,,,,,,,,,,,
80000162,,,,,,,,,,,,,,,,,,,,
80000163,,,,,,,,,,,,,,,,,,,,
80000164,,,,,,,,,,,,,,,,,,,,
,,,,,,,,,,,,,,,,,,,,
,,,,,,,,,,,,,,,,,,,,
,,,,,,,,,,,,,,,,,,,,
82000011,,,,,,,,,,,,,,,,,,,,
82000012,,,,,,,,,,,,,,,,,,,,
82000013,,,,,,,,,,,,,,,,,,,,
,,,,,,,,,,,,,,,,,,,,
82000021,,,,,,,,,,,,,,,,,,,,
82000022,,,,,,,,,,,,,,,,,,,,
82000023,,,,,,,,,,,,,,,,,,,,
,,,,,,,,,,,,,,,,,,,,
82000031,,,,,,,,,,,,,,,,,,,,
82000032,,,,,,,,,,,,,,,,,,,,
82000033,,,,,,,,,,,,,,,,,,,,
,,,,,,,,,,,,,,,,,,,,
,,,,,,,,,,,,,,,,,,,,
82000111,,,,,,,,,,,,,,,,,,,,
82000112,,,,,,,,,,,,,,,,,,,,
,,,,,,,,,,,,,,,,,,,,
82000121,,,,,,,,,,,,,,,,,,,,
82000122,,,,,,,,,,,,,,,,,,,,
,,,,,,,,,,,,,,,,,,,,
82000131,,,,,,,,,,,,,,,,,,,,
82000132,,,,,,,,,,,,,,,,,,,,
82000133,,,,,,,,,,,,,,,,,,,,
,,,,,,,,,,,,,,,,,,,,
,,,,,,,,,,,,,,,,,,,,
82000231,,,,,,,,,,,,,,,,,,,,
82000232,,,,,,,,,,,,,,,,,,,,
82000233,,,,,,,,,,,,,,,,,,,,
,,,,,,,,,,,,,,,,,,,,
82000241,,,,,,,,,,,,,,,,,,,,
82000242,,,,,,,,,,,,,,,,,,,,
82000243,,,,,,,,,,,,,,,,,,,,
,,,,,,,,,,,,,,,,,,,,
82000251,,,,,,,,,,,,,,,,,,,,
82000252,,,,,,,,,,,,,,,,,,,,
82000253,,,,,,,,,,,,,,,,,,,,
,,,,,,,,,,,,,,,,,,,,
,,,,,,,,,,,,,,,,,,,,
82000311,,,,,,,,,,,,,,,,,,,,
82000312,,,,,,,,,,,,,,,,,,,,
,,,,,,,,,,,,,,,,,,,,
82000321,,,,,,,,,,,,,,,,,,,,
82000322,,,,,,,,,,,,,,,,,,,,
,,,,,,,,,,,,,,,,,,,,
82000331,,,,,,,,,,,,,,,,,,,,
82000332,,,,,,,,,,,,,,,,,,,,
82000333,,,,,,,,,,,,,,,,,,,,
,,,,,,,,,,,,,,,,,,,,
,,,,,,,,,,,,,,,,,,,,
82000431,,,,,,,,,,,,,,,,,,,,
82000432,,,,,,,,,,,,,,,,,,,,
82000433,,,,,,,,,,,,,,,,,,,,
,,,,,,,,,,,,,,,,,,,,
82000441,,,,,,,,,,,,,,,,,,,,
82000442,,,,,,,,,,,,,,,,,,,,
82000443,,,,,,,,,,,,,,,,,,,,
,,,,,,,,,,,,,,,,,,,,
82000451,,,,,,,,,,,,,,,,,,,,
82000452,,,,,,,,,,,,,,,,,,,,
82000453,,,,,,,,,,,,,,,,,,,,
,,,,,,,,,,,,,,,,,,,,
,,,,,,,,,,,,,,,,,,,,
,,,,,,,,,,,,,,,,,,,,
,,,,,,,,,,,,,,,,,,,,
82000511,,,,,,,,,,,,,,,,,,,,
82000512,,,,,,,,,,,,,,,,,,,,
82000513,,,,,,,,,,,,,,,,,,,,
,,,,,,,,,,,,,,,,,,,,
82000521,,,,,,,,,,,,,,,,,,,,
82000522,,,,,,,,,,,,,,,,,,,,
82000523,,,,,,,,,,,,,,,,,,,,
,,,,,,,,,,,,,,,,,,,,
82000531,,,,,,,,,,,,,,,,,,,,
82000532,,,,,,,,,,,,,,,,,,,,
82000533,,,,,,,,,,,,,,,,,,,,
,,,,,,,,,,,,,,,,,,,,
,,,,,,,,,,,,,,,,,,,,
82000631,,,,,,,,,,,,,,,,,,,,
82000632,,,,,,,,,,,,,,,,,,,,
82000633,,,,,,,,,,,,,,,,,,,,
,,,,,,,,,,,,,,,,,,,,
82000641,,,,,,,,,,,,,,,,,,,,
82000642,,,,,,,,,,,,,,,,,,,,
82000643,,,,,,,,,,,,,,,,,,,,
82000644,,,,,,,,,,,,,,,,,,,,
,,,,,,,,,,,,,,,,,,,,
82000651,,,,,,,,,,,,,,,,,,,,
82000652,,,,,,,,,,,,,,,,,,,,
82000653,,,,,,,,,,,,,,,,,,,,
82000654,,,,,,,,,,,,,,,,,,,,
,,,,,,,,,,,,,,,,,,,,
,,,,,,,,,,,,,,,,,,,,
82000711,,,,,,,,,,,,,,,,,,,,
82000712,,,,,,,,,,,,,,,,,,,,
82000713,,,,,,,,,,,,,,,,,,,,
,,,,,,,,,,,,,,,,,,,,
82000721,,,,,,,,,,,,,,,,,,,,
82000722,,,,,,,,,,,,,,,,,,,,
82000723,,,,,,,,,,,,,,,,,,,,
,,,,,,,,,,,,,,,,,,,,
82000731,,,,,,,,,,,,,,,,,,,,
82000732,,,,,,,,,,,,,,,,,,,,
82000733,,,,,,,,,,,,,,,,,,,,
,,,,,,,,,,,,,,,,,,,,
,,,,,,,,,,,,,,,,,,,,
82000831,,,,,,,,,,,,,,,,,,,,
82000832,,,,,,,,,,,,,,,,,,,,
82000833,,,,,,,,,,,,,,,,,,,,
,,,,,,,,,,,,,,,,,,,,
82000841,,,,,,,,,,,,,,,,,,,,
82000842,,,,,,,,,,,,,,,,,,,,
82000843,,,,,,,,,,,,,,,,,,,,
,,,,,,,,,,,,,,,,,,,,
82000851,,,,,,,,,,,,,,,,,,,,
82000852,,,,,,,,,,,,,,,,,,,,
82000853,,,,,,,,,,,,,,,,,,,,
,,,,,,,,,,,,,,,,,,,,
,,,,,,,,,,,,,,,,,,,,
82000911,,,,,,,,,,,,,,,,,,,,
82000912,,,,,,,,,,,,,,,,,,,,
82000913,,,,,,,,,,,,,,,,,,,,
,,,,,,,,,,,,,,,,,,,,
82000921,,,,,,,,,,,,,,,,,,,,
82000922,,,,,,,,,,,,,,,,,,,,
82000923,,,,,,,,,,,,,,,,,,,,
,,,,,,,,,,,,,,,,,,,,
82000931,,,,,,,,,,,,,,,,,,,,
82000932,,,,,,,,,,,,,,,,,,,,
82000933,,,,,,,,,,,,,,,,,,,,
,,,,,,,,,,,,,,,,,,,,
,,,,,,,,,,,,,,,,,,,,
,,,,,,,,,,,,,,,,,,,,
,,,,,,,,,,,,,,,,,,,,
,,,,,,,,,,,,,,,,,,,,
,,,,,,,,,,,,,,,,,,,,
82001031,,,,,,,,,,,,,,,,,,,,
82001032,,,,,,,,,,,,,,,,,,,,
,,,,,,,,,,,,,,,,,,,,
82001041,,,,,,,,,,,,,,,,,,,,
82001042,,,,,,,,,,,,,,,,,,,,
82001043,,,,,,,,,,,,,,,,,,,,
,,,,,,,,,,,,,,,,,,,,
82001051,,,,,,,,,,,,,,,,,,,,
82001052,,,,,,,,,,,,,,,,,,,,
82001053,,,,,,,,,,,,,,,,,,,,
,,,,,,,,,,,,,,,,,,,,
,,,,,,,,,,,,,,,,,,,,
82001111,,,,,,,,,,,,,,,,,,,,
82001112,,,,,,,,,,,,,,,,,,,,
82001113,,,,,,,,,,,,,,,,,,,,
82001114,,,,,,,,,,,,,,,,,,,,
,,,,,,,,,,,,,,,,,,,,
82001121,,,,,,,,,,,,,,,,,,,,
82001122,,,,,,,,,,,,,,,,,,,,
82001123,,,,,,,,,,,,,,,,,,,,
82001124,,,,,,,,,,,,,,,,,,,,
,,,,,,,,,,,,,,,,,,,,
82001131,,,,,,,,,,,,,,,,,,,,
82001132,,,,,,,,,,,,,,,,,,,,
82001133,,,,,,,,,,,,,,,,,,,,
82001134,,,,,,,,,,,,,,,,,,,,
,,,,,,,,,,,,,,,,,,,,
,,,,,,,,,,,,,,,,,,,,
82001211,,,,,,,,,,,,,,,,,,,,
82001212,,,,,,,,,,,,,,,,,,,,
82001213,,,,,,,,,,,,,,,,,,,,
,,,,,,,,,,,,,,,,,,,,
82001221,,,,,,,,,,,,,,,,,,,,
82001222,,,,,,,,,,,,,,,,,,,,
82001223,,,,,,,,,,,,,,,,,,,,
,,,,,,,,,,,,,,,,,,,,
82001231,,,,,,,,,,,,,,,,,,,,
82001232,,,,,,,,,,,,,,,,,,,,
82001233,,,,,,,,,,,,,,,,,,,,
,,,,,,,,,,,,,,,,,,,,
,,,,,,,,,,,,,,,,,,,,
82001331,,,,,,,,,,,,,,,,,,,,
82001332,,,,,,,,,,,,,,,,,,,,
82001333,,,,,,,,,,,,,,,,,,,,
,,,,,,,,,,,,,,,,,,,,
82001341,,,,,,,,,,,,,,,,,,,,
82001342,,,,,,,,,,,,,,,,,,,,
82001343,,,,,,,,,,,,,,,,,,,,
,,,,,,,,,,,,,,,,,,,,
82001351,,,,,,,,,,,,,,,,,,,,
82001352,,,,,,,,,,,,,,,,,,,,
82001353,,,,,,,,,,,,,,,,,,,,
,,,,,,,,,,,,,,,,,,,,
,,,,,,,,,,,,,,,,,,,,
82001411,,,,,,,,,,,,,,,,,,,,
82001412,,,,,,,,,,,,,,,,,,,,
82001413,,,,,,,,,,,,,,,,,,,,
,,,,,,,,,,,,,,,,,,,,
82001421,,,,,,,,,,,,,,,,,,,,
82001422,,,,,,,,,,,,,,,,,,,,
82001423,,,,,,,,,,,,,,,,,,,,
,,,,,,,,,,,,,,,,,,,,
82001431,,,,,,,,,,,,,,,,,,,,
82001432,,,,,,,,,,,,,,,,,,,,
82001433,,,,,,,,,,,,,,,,,,,,
,,,,,,,,,,,,,,,,,,,,
,,,,,,,,,,,,,,,,,,,,
,,,,,,,,,,,,,,,,,,,,
82001531,,,,,,,,,,,,,,,,,,,,
82001532,,,,,,,,,,,,,,,,,,,,
82001533,,,,,,,,,,,,,,,,,,,,
,,,,,,,,,,,,,,,,,,,,
82001541,,,,,,,,,,,,,,,,,,,,
82001542,,,,,,,,,,,,,,,,,,,,
82001543,,,,,,,,,,,,,,,,,,,,
,,,,,,,,,,,,,,,,,,,,
82001551,,,,,,,,,,,,,,,,,,,,
82001552,,,,,,,,,,,,,,,,,,,,
82001553,,,,,,,,,,,,,,,,,,,,
,,,,,,,,,,,,,,,,,,,,
,,,,,,,,,,,,,,,,,,,,
82001611,,,,,,,,,,,,,,,,,,,,
82001612,,,,,,,,,,,,,,,,,,,,
82001613,,,,,,,,,,,,,,,,,,,,
,,,,,,,,,,,,,,,,,,,,
82001621,,,,,,,,,,,,,,,,,,,,
82001622,,,,,,,,,,,,,,,,,,,,
82001623,,,,,,,,,,,,,,,,,,,,
,,,,,,,,,,,,,,,,,,,,
82001631,,,,,,,,,,,,,,,,,,,,
82001632,,,,,,,,,,,,,,,,,,,,
82001633,,,,,,,,,,,,,,,,,,,,
,,,,,,,,,,,,,,,,,,,,
,,,,,,,,,,,,,,,,,,,,
82001711,,,,,,,,,,,,,,,,,,,,
82001712,,,,,,,,,,,,,,,,,,,,
82001713,,,,,,,,,,,,,,,,,,,,
,,,,,,,,,,,,,,,,,,,,
82001721,,,,,,,,,,,,,,,,,,,,
82001722,,,,,,,,,,,,,,,,,,,,
82001723,,,,,,,,,,,,,,,,,,,,
,,,,,,,,,,,,,,,,,,,,
82001731,,,,,,,,,,,,,,,,,,,,
82001732,,,,,,,,,,,,,,,,,,,,
82001733,,,,,,,,,,,,,,,,,,,,
,,,,,,,,,,,,,,,,,,,,
,,,,,,,,,,,,,,,,,,,,
82001811,,,,,,,,,,,,,,,,,,,,
82001812,,,,,,,,,,,,,,,,,,,,
,,,,,,,,,,,,,,,,,,,,
82001821,,,,,,,,,,,,,,,,,,,,
82001822,,,,,,,,,,,,,,,,,,,,
,,,,,,,,,,,,,,,,,,,,
82001831,,,,,,,,,,,,,,,,,,,,
82001832,,,,,,,,,,,,,,,,,,,,
82001833,,,,,,,,,,,,,,,,,,,,
82001834,,,,,,,,,,,,,,,,,,,,
,,,,,,,,,,,,,,,,,,,,
,,,,,,,,,,,,,,,,,,,,
82001931,,,,,,,,,,,,,,,,,,,,
82001932,,,,,,,,,,,,,,,,,,,,
82001933,,,,,,,,,,,,,,,,,,,,
,,,,,,,,,,,,,,,,,,,,
82001941,,,,,,,,,,,,,,,,,,,,
82001942,,,,,,,,,,,,,,,,,,,,
82001943,,,,,,,,,,,,,,,,,,,,
82001944,,,,,,,,,,,,,,,,,,,,
,,,,,,,,,,,,,,,,,,,,
82001951,,,,,,,,,,,,,,,,,,,,
82001952,,,,,,,,,,,,,,,,,,,,
82001953,,,,,,,,,,,,,,,,,,,,
82001954,,,,,,,,,,,,,,,,,,,,
,,,,,,,,,,,,,,,,,,,,

,,,,,,,,,,,,,,,,,,,,
,,,,,,,,,,,,,,,,,,,,
82002011,,,,,,,,,,,,,,,,,,,,
82002012,,,,,,,,,,,,,,,,,,,,
82002013,,,,,,,,,,,,,,,,,,,,
,,,,,,,,,,,,,,,,,,,,
82002021,,,,,,,,,,,,,,,,,,,,
82002022,,,,,,,,,,,,,,,,,,,,
82002023,,,,,,,,,,,,,,,,,,,,
,,,,,,,,,,,,,,,,,,,,
82002031,,,,,,,,,,,,,,,,,,,,
82002032,,,,,,,,,,,,,,,,,,,,
82002033,,,,,,,,,,,,,,,,,,,,
,,,,,,,,,,,,,,,,,,,,
,,,,,,,,,,,,,,,,,,,,
82002131,,,,,,,,,,,,,,,,,,,,
82002132,,,,,,,,,,,,,,,,,,,,
82002133,,,,,,,,,,,,,,,,,,,,
,,,,,,,,,,,,,,,,,,,,
82002141,,,,,,,,,,,,,,,,,,,,
82002142,,,,,,,,,,,,,,,,,,,,
82002143,,,,,,,,,,,,,,,,,,,,
,,,,,,,,,,,,,,,,,,,,
82002151,,,,,,,,,,,,,,,,,,,,
82002152,,,,,,,,,,,,,,,,,,,,
82002153,,,,,,,,,,,,,,,,,,,,
,,,,,,,,,,,,,,,,,,,,
,,,,,,,,,,,,,,,,,,,,
82002211,,,,,,,,,,,,,,,,,,,,
82002212,,,,,,,,,,,,,,,,,,,,
82002213,,,,,,,,,,,,,,,,,,,,
,,,,,,,,,,,,,,,,,,,,
82002221,,,,,,,,,,,,,,,,,,,,
82002222,,,,,,,,,,,,,,,,,,,,
82002223,,,,,,,,,,,,,,,,,,,,
,,,,,,,,,,,,,,,,,,,,
82002231,,,,,,,,,,,,,,,,,,,,
82002232,,,,,,,,,,,,,,,,,,,,
82002233,,,,,,,,,,,,,,,,,,,,
,,,,,,,,,,,,,,,,,,,,
,,,,,,,,,,,,,,,,,,,,
82002331,,,,,,,,,,,,,,,,,,,,
82002332,,,,,,,,,,,,,,,,,,,,
82002333,,,,,,,,,,,,,,,,,,,,
,,,,,,,,,,,,,,,,,,,,
82002341,,,,,,,,,,,,,,,,,,,,
82002342,,,,,,,,,,,,,,,,,,,,
82002343,,,,,,,,,,,,,,,,,,,,
,,,,,,,,,,,,,,,,,,,,
82002351,,,,,,,,,,,,,,,,,,,,
82002352,,,,,,,,,,,,,,,,,,,,
82002353,,,,,,,,,,,,,,,,,,,,
,,,,,,,,,,,,,,,,,,,,
,,,,,,,,,,,,,,,,,,,,
82002411,,,,,,,,,,,,,,,,,,,,
82002412,,,,,,,,,,,,,,,,,,,,
82002413,,,,,,,,,,,,,,,,,,,,
,,,,,,,,,,,,,,,,,,,,
82002421,,,,,,,,,,,,,,,,,,,,
82002422,,,,,,,,,,,,,,,,,,,,
82002423,,,,,,,,,,,,,,,,,,,,
,,,,,,,,,,,,,,,,,,,,
82002431,,,,,,,,,,,,,,,,,,,,
82002432,,,,,,,,,,,,,,,,,,,,
82002433,,,,,,,,,,,,,,,,,,,,
,,,,,,,,,,,,,,,,,,,,
,,,,,,,,,,,,,,,,,,,,
,,,,,,,,,,,,,,,,,,,,
82002511,,,,,,,,,,,,,,,,,,,,
82002512,,,,,,,,,,,,,,,,,,,,
82002513,,,,,,,,,,,,,,,,,,,,
,,,,,,,,,,,,,,,,,,,,
82002521,,,,,,,,,,,,,,,,,,,,
82002522,,,,,,,,,,,,,,,,,,,,
82002523,,,,,,,,,,,,,,,,,,,,
,,,,,,,,,,,,,,,,,,,,
82002531,,,,,,,,,,,,,,,,,,,,
82002532,,,,,,,,,,,,,,,,,,,,
82002533,,,,,,,,,,,,,,,,,,,,
,,,,,,,,,,,,,,,,,,,,
,,,,,,,,,,,,,,,,,,,,
82002611,,,,,,,,,,,,,,,,,,,,
82002612,,,,,,,,,,,,,,,,,,,,
,,,,,,,,,,,,,,,,,,,,
82002621,,,,,,,,,,,,,,,,,,,,
82002622,,,,,,,,,,,,,,,,,,,,
,,,,,,,,,,,,,,,,,,,,
82002631,,,,,,,,,,,,,,,,,,,,
82002632,,,,,,,,,,,,,,,,,,,,
82002633,,,,,,,,,,,,,,,,,,,,
,,,,,,,,,,,,,,,,,,,,
,,,,,,,,,,,,,,,,,,,,
82002731,,,,,,,,,,,,,,,,,,,,
82002732,,,,,,,,,,,,,,,,,,,,
82002733,,,,,,,,,,,,,,,,,,,,
,,,,,,,,,,,,,,,,,,,,
82002741,,,,,,,,,,,,,,,,,,,,
82002742,,,,,,,,,,,,,,,,,,,,
82002743,,,,,,,,,,,,,,,,,,,,
,,,,,,,,,,,,,,,,,,,,
82002751,,,,,,,,,,,,,,,,,,,,
82002752,,,,,,,,,,,,,,,,,,,,
82002753,,,,,,,,,,,,,,,,,,,,
,,,,,,,,,,,,,,,,,,,,
,,,,,,,,,,,,,,,,,,,,
82002831,,,,,,,,,,,,,,,,,,,,
82002832,,,,,,,,,,,,,,,,,,,,
82002833,,,,,,,,,,,,,,,,,,,,
,,,,,,,,,,,,,,,,,,,,
82002841,,,,,,,,,,,,,,,,,,,,
82002842,,,,,,,,,,,,,,,,,,,,
82002843,,,,,,,,,,,,,,,,,,,,
,,,,,,,,,,,,,,,,,,,,
82002851,,,,,,,,,,,,,,,,,,,,
82002852,,,,,,,,,,,,,,,,,,,,
82002853,,,,,,,,,,,,,,,,,,,,
,,,,,,,,,,,,,,,,,,,,
,,,,,,,,,,,,,,,,,,,,
82002911,,,,,,,,,,,,,,,,,,,,
82002912,,,,,,,,,,,,,,,,,,,,
82002913,,,,,,,,,,,,,,,,,,,,
,,,,,,,,,,,,,,,,,,,,
82002921,,,,,,,,,,,,,,,,,,,,
82002922,,,,,,,,,,,,,,,,,,,,
82002923,,,,,,,,,,,,,,,,,,,,
,,,,,,,,,,,,,,,,,,,,
82002931,,,,,,,,,,,,,,,,,,,,
82002932,,,,,,,,,,,,,,,,,,,,
82002933,,,,,,,,,,,,,,,,,,,,
,,,,,,,,,,,,,,,,,,,,
,,,,,,,,,,,,,,,,,,,,
,,,,,,,,,,,,,,,,,,,,
82003011,,,,,,,,,,,,,,,,,,,,
82003012,,,,,,,,,,,,,,,,,,,,
,,,,,,,,,,,,,,,,,,,,
82003021,,,,,,,,,,,,,,,,,,,,
82003022,,,,,,,,,,,,,,,,,,,,
,,,,,,,,,,,,,,,,,,,,
82003031,,,,,,,,,,,,,,,,,,,,
82003032,,,,,,,,,,,,,,,,,,,,
82003033,,,,,,,,,,,,,,,,,,,,
,,,,,,,,,,,,,,,,,,,,
,,,,,,,,,,,,,,,,,,,,
82003111,,,,,,,,,,,,,,,,,,,,
82003112,,,,,,,,,,,,,,,,,,,,
,,,,,,,,,,,,,,,,,,,,
82003121,,,,,,,,,,,,,,,,,,,,
82003122,,,,,,,,,,,,,,,,,,,,
,,,,,,,,,,,,,,,,,,,,
82003131,,,,,,,,,,,,,,,,,,,,
82003132,,,,,,,,,,,,,,,,,,,,
,,,,,,,,,,,,,,,,,,,,
,,,,,,,,,,,,,,,,,,,,
82003231,,,,,,,,,,,,,,,,,,,,
82003232,,,,,,,,,,,,,,,,,,,,
,,,,,,,,,,,,,,,,,,,,
82003251,,,,,,,,,,,,,,,,,,,,
82003252,,,,,,,,,,,,,,,,,,,,
82003253,,,,,,,,,,,,,,,,,,,,
,,,,,,,,,,,,,,,,,,,,
,,,,,,,,,,,,,,,,,,,,
82003331,,,,,,,,,,,,,,,,,,,,
82003332,,,,,,,,,,,,,,,,,,,,
,,,,,,,,,,,,,,,,,,,,
82003351,,,,,,,,,,,,,,,,,,,,
82003352,,,,,,,,,,,,,,,,,,,,
82003353,,,,,,,,,,,,,,,,,,,,
,,,,,,,,,,,,,,,,,,,,
,,,,,,,,,,,,,,,,,,,,
82003411,,,,,,,,,,,,,,,,,,,,
82003412,,,,,,,,,,,,,,,,,,,,
,,,,,,,,,,,,,,,,,,,,
82003421,,,,,,,,,,,,,,,,,,,,
82003422,,,,,,,,,,,,,,,,,,,,
,,,,,,,,,,,,,,,,,,,,
82003431,,,,,,,,,,,,,,,,,,,,
82003432,,,,,,,,,,,,,,,,,,,,
82003433,,,,,,,,,,,,,,,,,,,,
,,,,,,,,,,,,,,,,,,,,
,,,,,,,,,,,,,,,,,,,,
,,,,,,,,,,,,,,,,,,,,
82902011,,,,,,,,,,,,,,,,,,,,
82902012,,,,,,,,,,,,,,,,,,,,
,,,,,,,,,,,,,,,,,,,,
82902021,,,,,,,,,,,,,,,,,,,,
82902022,,,,,,,,,,,,,,,,,,,,
82902023,,,,,,,,,,,,,,,,,,,,
,,,,,,,,,,,,,,,,,,,,
82902031,,,,,,,,,,,,,,,,,,,,
82902032,,,,,,,,,,,,,,,,,,,,
82902033,,,,,,,,,,,,,,,,,,,,
82902034,,,,,,,,,,,,,,,,,,,,
82902035,,,,,,,,,,,,,,,,,,,,
,,,,,,,,,,,,,,,,,,,,
,,,,,,,,,,,,,,,,,,,,
82902111,,,,,,,,,,,,,,,,,,,,
82902112,,,,,,,,,,,,,,,,,,,,
,,,,,,,,,,,,,,,,,,,,
82902121,,,,,,,,,,,,,,,,,,,,
82902122,,,,,,,,,,,,,,,,,,,,
82902123,,,,,,,,,,,,,,,,,,,,
,,,,,,,,,,,,,,,,,,,,
82902131,,,,,,,,,,,,,,,,,,,,
82902132,,,,,,,,,,,,,,,,,,,,
82902133,,,,,,,,,,,,,,,,,,,,
82902134,,,,,,,,,,,,,,,,,,,,
82902135,,,,,,,,,,,,,,,,,,,,
,,,,,,,,,,,,,,,,,,,,
,,,,,,,,,,,,,,,,,,,,
82902211,,,,,,,,,,,,,,,,,,,,
82902212,,,,,,,,,,,,,,,,,,,,
,,,,,,,,,,,,,,,,,,,,
82902221,,,,,,,,,,,,,,,,,,,,
82902222,,,,,,,,,,,,,,,,,,,,
82902223,,,,,,,,,,,,,,,,,,,,
,,,,,,,,,,,,,,,,,,,,
82902231,,,,,,,,,,,,,,,,,,,,
82902232,,,,,,,,,,,,,,,,,,,,
82902233,,,,,,,,,,,,,,,,,,,,
82902234,,,,,,,,,,,,,,,,,,,,
82902235,,,,,,,,,,,,,,,,,,,,
,,,,,,,,,,,,,,,,,,,,
,,,,,,,,,,,,,,,,,,,,
82902311,,,,,,,,,,,,,,,,,,,,
82902312,,,,,,,,,,,,,,,,,,,,
,,,,,,,,,,,,,,,,,,,,
82902321,,,,,,,,,,,,,,,,,,,,
82902322,,,,,,,,,,,,,,,,,,,,
82902323,,,,,,,,,,,,,,,,,,,,
,,,,,,,,,,,,,,,,,,,,
82902331,,,,,,,,,,,,,,,,,,,,
82902332,,,,,,,,,,,,,,,,,,,,
82902333,,,,,,,,,,,,,,,,,,,,
82902334,,,,,,,,,,,,,,,,,,,,
82902335,,,,,,,,,,,,,,,,,,,,
,,,,,,,,,,,,,,,,,,,,
,,,,,,,,,,,,,,,,,,,,
82902411,,,,,,,,,,,,,,,,,,,,
82902412,,,,,,,,,,,,,,,,,,,,
,,,,,,,,,,,,,,,,,,,,
82902421,,,,,,,,,,,,,,,,,,,,
82902422,,,,,,,,,,,,,,,,,,,,
82902423,,,,,,,,,,,,,,,,,,,,
,,,,,,,,,,,,,,,,,,,,
82902431,,,,,,,,,,,,,,,,,,,,
82902432,,,,,,,,,,,,,,,,,,,,
82902433,,,,,,,,,,,,,,,,,,,,
82902434,,,,,,,,,,,,,,,,,,,,
82902435,,,,,,,,,,,,,,,,,,,,
,,,,,,,,,,,,,,,,,,,,
,,,,,,,,,,,,,,,,,,,,
83001081,cv_tb_003.cpk,,,,,,,,,,,,,,,,,,,
,,,,,,,,,,,,,,,,,,,,
,,,,,,,,,,,,,,,,,,,,
83003081,cv_tb_1007.cpk,,,,,,,,,,,,,,,,,,,
,,,,,,,,,,,,,,,,,,,,
,,,,,,,,,,,,,,,,,,,,
83004081,cv_tb_1018.cpk,,,,,,,,,,,,,,,,,,,
,,,,,,,,,,,,,,,,,,,,
,,,,,,,,,,,,,,,,,,,,
83003381,cv_tb_1010.cpk,,,,,,,,,,,,,,,,,,,
,,,,,,,,,,,,,,,,,,,,
,,,,,,,,,,,,,,,,,,,,
83006081,cv_tb_009.cpk,,,,,,,,,,,,,,,,,,,
