#デフォルト設定（敵のおすすめ番号が設定されていない時）,,,,,,,,,,,,
-1,注重平衡(佣兵),物理攻击,3,魔法攻击,3,提升物理伤害,2,提升魔法伤害,2,,,10,100,10,10,100,50,33,18,10,4,
-2,注重平衡（富豪）,提升物理防御,4,提升魔法防御,4,提升全防御,2,,,,,10,10,10,10,100,50,33,18,10,4,
-3,注重平衡(侠客),魔法攻击,4,提升魔法伤害,1,降低物理伤害,2,降低魔法伤害,2,降低全伤害,1,10,10,100,10,100,50,33,18,10,4,
-4,注重平衡(歌姬),恢复,6,持续恢复,2,提升物理伤害,1,提升魔法伤害,1,,,10,10,10,100,100,70,33,18,10,4,
#共通,,,,,,,,,,,,
1,注重生命,全部,10,,,,,,,,,1000,10,10,10,100,50,33,18,10,4,
#傭兵,,,,,,,,,,,,
10,主物理＋物理支援,物理攻击,7,提升物理伤害,3,魔法攻击,-1,提升魔法伤害,-1,,,10,15,10,10,100,50,33,18,10,4,
11,主魔法剑＋魔法支援,魔法攻击,7,提升魔法伤害,3,物理攻击,-1,提升物理伤害,-1,,,10,10,15,10,100,50,33,18,10,4,
12,注重物理技能,物理攻击,10,魔法攻击,-1,提升魔法伤害,-1,,,,,10,15,10,10,100,50,33,18,10,4,
13,注重魔法剑技能,魔法攻击,10,物理攻击,-1,提升物理伤害,-1,,,,,10,10,15,10,100,50,33,18,10,4,
#富豪,,,,,,,,,,,,
20,主物理防御,提升物理防御,8,抽牌+2,2,提升魔法防御,-1,,,,,15,10,10,10,100,50,33,18,10,4,
21,主魔法防御,提升魔法防御,8,抽牌+2,2,提升物理防御,-1,,,,,15,10,10,10,100,50,33,18,10,4,
22,平衡物理/魔法防御,提升物理防御,4,提升魔法防御,4,抽牌+2,2,,,,,15,10,10,10,100,50,33,18,10,4,
23,注重物理防御技能,提升物理防御,10,提升魔法防御,-1,,,,,,,15,10,10,10,100,50,33,18,10,4,
24,注重魔法防御技能,提升魔法防御,10,提升物理防御,-1,,,,,,,15,10,10,10,100,50,33,18,10,4,
25,注重全防御技能,提升全防御,10,,,,,,,,,15,10,10,10,100,50,33,18,10,4,
26,注重挑衅技能,挑衅,10,,,,,,,,,15,10,10,10,100,50,33,18,10,4,
#盗賊,,,,,,,,,,,,
30,主魔法＋魔法支援,魔法攻击,7,提升魔法伤害,3,,,,,,,10,10,15,10,100,50,33,18,10,4,
31,物理弱化＋魔法技能,降低物理伤害,8,魔法攻击,2,,,,,,,10,10,15,10,100,50,33,18,10,4,
32,魔法弱化＋魔法技能,降低魔法伤害,8,魔法攻击,2,,,,,,,10,10,15,10,100,50,33,18,10,4,
33,注重物理弱化技能,降低物理伤害,10,,,,,,,,,10,10,15,10,100,50,33,18,10,4,
34,注重魔法弱化技能,降低魔法伤害,10,,,,,,,,,10,10,15,10,100,50,33,18,10,4,
35,持续伤害＋魔法技能,持续伤害,4,魔法攻击,5,提升魔法伤害,1,,,,,10,10,15,10,100,50,33,18,10,4,
#歌姫,,,,,,,,,,,,
40,注重恢复技能,恢复,8,持续恢复,2,,,,,,,10,10,10,10,100,70,33,18,10,4,
41,恢复＋注重物理支援,恢复,7,提升物理伤害,3,提升魔法伤害,-1,,,,,10,10,10,10,100,70,33,18,10,4,
42,恢复＋注重魔法支援,恢复,7,提升魔法伤害,3,提升物理伤害,-1,,,,,10,10,10,10,100,70,33,18,10,4,
43,注重物理支援,提升物理伤害,5,恢复,5,提升魔法伤害,-1,,,,,10,10,10,10,100,70,33,18,10,4,
44,注重魔法支援,提升魔法伤害,5,恢复,5,提升物理伤害,-1,,,,,10,10,10,10,100,70,33,18,10,4,
#敵個別設定,,,,,,,,,,,,
10010,珀西瓦尔（佣兵）,物理攻击,8,提升物理伤害,2,魔法攻击,-1,提升魔法伤害,-1,,,10,10,10,10,100,50,33,18,10,4,
10020,珀西瓦尔（富豪）,提升物理防御,8,提升物理伤害,1,提升全防御,1,,,,,10,10,10,10,100,50,33,18,10,4,
10030,珀西瓦尔（侠客）,降低物理伤害,8,追加伤害,1,魔法攻击,1,,,,,10,10,10,10,100,50,33,18,10,4,
10040,珀西瓦尔（歌姬）,恢复,6,提升物理伤害,3,持续恢复,1,提升魔法伤害,-1,,,10,10,10,10,100,50,33,18,10,4,
30011,橄榄石（佣兵）,物理攻击,3,魔法攻击,4,提升物理伤害,1,提升魔法伤害,2,,,10,10,10,10,30,90,60,50,10,3,
30012,橄榄石（富豪）,提升物理防御,3,提升魔法防御,2,挑衅,2,提升属性抗性,2,提升全防御,1,10,10,10,10,100,50,33,18,10,4,
30013,橄榄石（侠客）,魔法攻击,5,提升魔法伤害,4,提升魔法伤害,1,,,,,10,10,10,10,100,50,33,18,10,3,
30014,橄榄石（歌姬）,恢复,4,提升恢复量,1,持续恢复,1,提升物理伤害,2,提升魔法伤害,2,10,10,10,10,30,60,33,0,0,2,
30021,圣夜型圣诞老人(黑)（佣兵）,提升物理伤害,3,物理攻击,7,,,,,,,10,10,10,10,10,80,40,10,0,3,
30022,圣夜型圣诞老人(黑)（富豪）,提升物理防御,4,提升魔法防御,4,提升全防御,2,,,,,10,10,10,10,40,60,30,10,10,3,
30023,圣夜型圣诞老人(黑)（侠客）,持续伤害,3,降低物理伤害,2,降低魔法伤害,3,属性耐性下降,1,魔法伤害上升,1,10,10,10,10,10,80,20,10,10,3,
30024,圣夜型圣诞老人(黑)（歌姬）,恢复,5,提升恢复量,1,提升物理伤害,2,魔法伤害上升,2,,,10,10,10,10,10,40,40,10,10,3,
30031,圣夜型梅芙（佣兵）,提升物理伤害,2,物理攻击,8,,,,,,,10,10,10,10,10,40,40,10,10,3,
30032,圣夜型梅芙（富豪）,提升物理防御,3,提升魔法防御,4,降低魔法伤害,1,反射,1,挑衅,1,10,10,10,10,10,40,40,10,10,3,
30033,圣夜型梅芙（侠客）,降低物理伤害,4,降低魔法伤害,5,降低全伤害,1,,,,,10,10,10,10,10,40,40,10,10,3,
30034,圣夜型梅芙（歌姬）,提升物理伤害,3,恢复,5,提升恢复量,2,,,,,10,10,10,10,10,40,40,10,10,3,
30041,飞翔型雪莉（佣兵）,物理攻击,7,提升物理伤害,3,,,,,,,10,10,10,10,10,40,40,10,10,3,
30042,飞翔型雪莉（富豪）,提升物理防御,4,提升魔法防御,4,抽牌+2,1,提升属性抗性,1,,,10,10,10,10,10,40,40,10,10,3,
30043,飞翔型雪莉（侠客）,魔法攻击,4,降低物理伤害,3,降低魔法伤害,3,,,,,10,10,10,10,10,40,40,10,10,3,
30044,飞翔型雪莉（歌姬）,恢复,4,提升物理伤害,2,提升魔法伤害,2,提升恢复量,1,持续恢复,1,10,10,10,10,10,40,40,10,10,3,
30051,绯红雷斯(佣兵),物理攻击,7,提升物理伤害,3,,,,,,,10,10,10,10,10,40,40,10,10,3,
30052,绯红雷斯(富豪),提升物理防御,2,提升魔法防御,2,提升全防御,2,抽牌+2,3,提升物理伤害,1,10,10,10,10,10,40,40,10,10,3,
30053,绯红雷斯(侠客),魔法攻击,8,降低物理伤害,1,降低魔法伤害,1,,,,,10,10,10,10,10,40,40,10,10,3,
30054,绯红雷斯(歌姬),恢复,4,提升物理伤害,1,提升魔法伤害,2,提升全上开,2,提升恢复量,1,10,10,10,10,10,40,40,10,10,3,
30061,戴冠型君士坦丁(佣兵),物理攻击,8,提升物理伤害,2,,,,,,,10,10,10,10,10,40,40,10,10,3,
30062,戴冠型君士坦丁(富豪),提升全防御,3,提升物理防御,3,提升魔法防御,4,,,,,10,10,10,10,10,40,40,10,10,3,
30063,戴冠型君士坦丁(侠客),降低全伤害,1,提升魔法伤害,1,降低属性抗性,1,降低物理伤害,3,降低魔法伤害,4,10,10,10,10,10,40,40,10,10,3,
30064,戴冠型君士坦丁(歌姬),提升最大血量,1,提升全伤害,3,提升暴击率,1,解除状态异常,1,恢复,4,10,10,10,10,10,40,40,10,10,3,
30071,无铭(佣兵),物理攻击,1,魔法攻击,6,追加伤害,2,提升魔法伤害,1,,,10,10,10,10,10,40,40,10,10,4,
30072,无铭(富豪),提升全防御,1,提升物理防御,5,提升属性抗性,2,追加伤害,1,挑衅,1,10,10,10,10,10,40,40,10,10,3,
30073,无铭(侠客),魔法攻击,1,降低物理伤害,8,追加伤害,1,,,,,10,10,10,10,10,40,40,10,10,4,
30074,无铭(歌姬),恢复,5,提升全伤害,1,提升魔法伤害,2,提升暴击率,1,提升恢复量,1,10,10,10,10,10,40,40,10,10,3,
30081,异界型尼禄(佣兵),物理攻击,6,魔法攻击,3,提升物理伤害,1,,,,,10,10,10,10,10,40,40,10,10,4,
30082,异界型尼禄(富豪),提升全防御,1,提升物理防御,6,提升属性抗性,3,,,,,10,10,10,10,10,40,40,10,10,3,
30083,异界型尼禄(侠客),魔法攻击,3,降低物理伤害,5,提升魔法伤害,1,降低属性抗性,1,,,10,10,10,10,10,40,40,10,10,4,
30084,异界型尼禄(歌姬),持续恢复,5,提升全伤害,2,提升魔法伤害,1,提升物理伤害,1,恢复,1,10,10,10,10,10,40,40,10,10,3,
30091,斋藤一(佣兵),物理攻击,4,魔法攻击,4,提升魔法伤害,1,提升全伤害,1,,,10,10,10,10,10,40,40,10,10,1,
30092,斋藤一(富豪),降低物理伤害,1,提升全防御,2,提升物理防御,5,抽牌+2,2,,,10,10,10,10,10,40,40,10,10,3,
30093,斋藤一(侠客),魔法攻击,4,降低全伤害,1,降低物理伤害,4,标记,1,,,10,10,10,10,10,40,40,10,10,0,
30094,斋藤一(歌姬),提升全伤害,1,提升魔法伤害,2,恢复,4,持续恢复,3,,,10,10,10,10,10,40,40,10,10,2,
30101,大纳言艾尔(佣兵),物理攻击,5,魔法攻击,4,提升全伤害,1,,,,,10,10,10,10,0,0,50,10,10,1,
30102,大纳言艾尔(富豪),物理攻击,2,提升全防御,2,提升物理防御,3,提升魔法防御,1,抽牌+2,2,10,10,10,10,0,0,50,10,10,1,
30103,大纳言艾尔(侠客),魔法攻击,4,降低全伤害,2,降低物理伤害,1,降低魔法伤害,3,,,10,10,10,10,0,0,50,10,10,0,
30104,大纳言艾尔(歌姬),提升全伤害,2,提升魔法伤害,1,恢复,4,持续恢复,3,,,10,10,10,10,0,0,50,10,10,2,
30111,飞翔型露米艾儿(佣兵),物理攻击,5,魔法攻击,4,提升全伤害,1,,,,,10,10,10,10,10,40,40,10,10,3,
30112,飞翔型露米艾儿(富豪),提升属性抗性,2,提升全防御,1,提升物理防御,3,提升魔法防御,3,反射,1,10,10,10,10,10,40,40,10,10,3,
30113,飞翔型露米艾儿(侠客),降低全伤害,3,魔法攻击,3,降低物理伤害,2,持续伤害,1,提升魔法伤害,1,10,10,10,10,10,40,40,10,10,3,
30114,飞翔型露米艾儿(歌姬),解除异常状态,2,提升全伤害,4,提升魔法伤害,1,提升物理伤害,2,提升暴击率,1,10,10,10,10,10,40,40,10,10,3,
30121,风暴雷斯(佣兵),物理攻击,8,降低属性抗性,1,提升物理伤害,1,,,,,10,10,10,10,10,40,40,10,10,3,
30122,风暴雷斯(富豪),提升物理防御,1,提升魔法防御,8,提升属性抗性,1,,,,,10,10,10,10,10,40,40,10,10,3,
30123,风暴雷斯(侠客),魔法攻击,6,降低物理伤害,3,降低全伤害,1,,,,,10,10,10,10,10,40,40,10,10,3,
30124,风暴雷斯(歌姬),恢复,4,提升物理伤害,1,提升全伤害,1,提升血量上限,1,解除异常状态,3,10,10,10,10,10,40,40,10,10,3,
30131,冥神艾菲(佣兵),物理攻击,7,魔法攻击,1,提升物理伤害,1,提升魔法伤害,1,,,10,10,10,10,10,40,40,10,10,3,
30132,冥神艾菲(富豪),提升属性抗性,3,提升魔法防御,2,提升物理防御,3,提升全防御,1,追加伤害,1,10,10,10,10,10,40,40,10,10,3,
30133,冥神艾菲(侠客),魔法攻击,1,降低物理伤害,5,降低魔法伤害,3,全伤害降低,1,,,10,10,10,10,10,40,40,10,10,3,
30134,冥神艾菲(歌姬),恢复,4,提升全伤害,3,提升血量上限,1,提升暴击率,1,持续恢复,1,10,10,10,10,10,40,40,10,10,3,
30141,雷姆(佣兵),物理攻击,4,魔法攻击,3,提升物理伤害,2,提升魔法伤害,1,,,10,10,10,10,10,40,40,10,10,3,
30142,雷姆(富豪),提升属性抗性,1,提升魔法防御,1,提升物理防御,5,提升全防御,3,,,10,10,10,10,10,40,40,10,10,3,
30143,雷姆(侠客),魔法攻击,2,降低物理伤害,1,降低魔法伤害,5,全伤害降低,2,,,10,10,10,10,10,40,40,10,10,3,
30144,雷姆(歌姬),恢复,4,提升全伤害,3,提升血量上限,1,提升暴击率,1,持续恢复,1,10,10,10,10,10,40,40,10,10,3,
30151,艾丝(佣兵),物理攻击,2,魔法攻击,7,提升暴击率,1,,,,,10,10,10,10,10,40,40,10,10,3,
30152,艾丝(富豪),提升属性抗性,4,提升魔法防御,3,挑衅,2,提升全防御,1,,,10,10,10,10,10,40,40,10,10,3,
30153,艾丝(侠客),魔法攻击,2,降低物理伤害,5,降低魔法伤害,1,全伤害降低,2,,,10,10,10,10,10,40,40,10,10,3,
30154,艾丝(歌姬),恢复,4,提升全伤害,3,提升血量上限,1,提升暴击率,1,持续恢复,1,10,10,10,10,10,40,40,10,10,3,
30161,斯卡哈(佣兵),提升魔法伤害,1,魔法攻击,7,物理攻击,2,,,,,10,10,10,10,10,40,40,10,10,3,
30162,斯卡哈(富豪),提升物理防御,2,提升魔法防御,2,提升全防御,4,抽牌+2,2,,,10,10,10,10,10,40,40,10,10,3,
30163,斯卡哈(侠客),降低物理伤害,1,降低魔法伤害,2,降低全伤害,5,标记,1,魔法攻击,1,10,10,10,10,10,40,40,10,10,3,
30164,斯卡哈(歌姬),恢复,1,提升魔法伤害,1,提升全伤害,2,解除异常状态,4,持续恢复,2,10,10,10,10,10,40,40,10,10,3,
30171,炎夏型妮妙,提升魔法伤害,1,魔法攻击,7,物理攻击,2,,,,,10,10,10,10,10,40,40,10,10,3,
30172,炎夏型妮妙,提升物理防御,1,提升魔法防御,5,提升全防御,2,抽牌+2,2,,,10,10,10,10,10,40,40,10,10,3,
30173,炎夏型妮妙,降低物理伤害,1,降低魔法伤害,4,降低全伤害,3,标记,1,魔法攻击,1,10,10,10,10,10,40,40,10,10,3,
30174,炎夏型妮妙,恢复,2,提升魔法伤害,3,提升全伤害,2,持续恢复,2,提升暴击率,1,10,10,10,10,10,40,40,10,10,3,
30181,暗堕型艾菲,物理攻击,8,魔法攻击,1,降低属性抗性,1,,,,,10,10,10,10,10,40,40,10,10,3,
30182,暗堕型艾菲,提升全防御,4,物理攻击,1,追加伤害,2,提升物理防御,2,提升魔法防御,1,10,10,10,10,10,40,40,10,10,3,
30183,暗堕型艾菲,魔法攻击,5,提升血量上限,1,降低属性抗性,2,标记,1,提升全伤害,1,10,10,10,10,10,40,40,10,10,3,
30184,暗堕型艾菲,提升暴击率,2,提升全伤害,5,提升魔法伤害,1,恢复,1,降低属性抗性,1,10,10,10,10,10,40,40,10,10,3,
30191,惠惠,物理攻击,8,提升物理伤害,2,,,,,,,10,10,10,10,10,40,40,10,10,3,
30192,惠惠,提升全防御,3,提升魔法防御,3,提升属性抗性,2,物理攻击,2,,,10,10,10,10,10,40,40,10,10,3,
30193,惠惠,标记,1,降低属性抗性,2,降低魔法伤害,4,降低全伤害,3,,,10,10,10,10,10,40,40,10,10,3,
30194,惠惠,提升暴击率,2,提升全伤害,2,提升物理伤害,3,恢复,3,,,10,10,10,10,10,40,40,10,10,3,
30201,圣骑型艾妮多,物理攻击,8,提升物理伤害,2,,,,,,,10,10,10,10,35,30,20,14,1,3,
30202,圣骑型艾妮多,提升魔法防御,5,提升属性抗性,3,物理攻击,2,,,,,10,10,10,10,35,30,20,14,1,3,
30203,圣骑型艾妮多,标记,1,降低属性抗性,1,降低魔法伤害,4,降低全伤害,1,魔法攻击,3,10,10,10,10,35,30,20,14,1,3,
30204,圣骑型艾妮多,提升暴击率,1,提升全伤害,3,提升全伤害,3,恢复,3,,,10,10,10,10,35,30,20,14,1,3,
30211,威光型欧露娜,物理攻击,4,提升物理伤害,1,提升血量上限,1,降低属性抗性,3,降低魔法伤害,1,10,10,10,10,50,20,20,0,1,3,
30212,威光型欧露娜,提升全防御,3,提升魔法防御,3,物理攻击,2,护盾,1,提升物理防御,1,10,10,10,10,35,30,20,14,1,3,
30213,威光型欧露娜,标记,1,降低属性抗性,3,降低物理伤害,1,降低全伤害,3,持续伤害,2,10,10,10,10,35,30,20,14,1,3,
30214,威光型欧露娜,提升暴击率,2,提升全伤害,5,降低属性抗性,1,恢复,2,,,10,10,10,10,35,30,20,14,1,3,
30221,暴雪雷斯,物理攻击,4,魔法攻击,4,提升全伤害,2,,,,,10,10,10,10,50,20,20,0,1,3,
30222,暴雪雷斯,物理攻击,1,提升物理防御,7,提升属性抗性,2,,,,,10,10,10,10,35,30,20,14,1,3,
30223,暴雪雷斯,标记,1,魔法攻击,2,降低魔法伤害,7,,,,,10,10,10,10,35,30,20,14,1,3,
30224,暴雪雷斯,提升暴击率,2,提升全伤害,5,降低属性抗性,1,恢复,2,,,10,10,10,10,35,30,20,14,1,3,
30231,莫德雷德,物理攻击,7,魔法攻击,2,提升全伤害,1,,,,,10,10,10,10,50,20,20,0,0,3,
30232,莫德雷德,物理攻击,1,提升魔法防御,5,提升全防御,3,挑衅,1,,,10,10,10,10,35,30,20,14,1,3,
30233,莫德雷德,标记,1,魔法攻击,1,降低物理伤害,5,降低全伤害,3,,,10,10,10,10,35,30,20,14,1,3,
30234,莫德雷德,提升暴击率,2,提升全伤害,4,毒解除,1,恢复,2,持续恢复,1,10,10,10,10,35,30,20,14,1,3,
40011,感谢型乌莎哈（佣兵）,物理攻击,7,提升物理伤害,3,,,,,,,10,30,10,10,30,90,60,50,10,3,
40012,感谢型乌莎哈(富豪),提升魔法防御,5,挑衅,5,,,,,,,10,10,10,10,100,50,33,18,10,4,
40013,感谢型乌莎哈（侠客）,魔法攻击,3,提升魔法伤害,2,降低魔法伤害,5,,,,,10,10,10,10,100,50,33,18,10,3,
40014,感谢型乌莎哈（歌姬）,恢复,5,提升物理伤害,2,提升魔法伤害,2,提升恢复量,1,,,10,10,10,10,30,60,33,0,0,2,
40021,感谢型库丘林＆里奥（佣兵）,魔法攻击,8,提升魔法伤害,2,,,,,,,30,10,20,10,30,90,60,50,10,3,
40022,感谢型库丘林＆里奥(富豪),提升物理防御,9,降低物理伤害,1,,,,,,,10,10,10,10,100,50,33,18,10,4,
40023,感谢型库丘林＆里奥（侠客）,魔法攻击,3,降低物理伤害,5,提升魔法伤害,2,,,,,10,10,10,10,100,50,33,18,10,3,
40024,感谢型库丘林＆里奥（歌姬）,恢复,5,提升恢复量,1,持续恢复,2,提升魔法伤害,2,,,10,10,10,10,30,60,33,0,0,2,
40031,暗堕型希尔维娅（佣兵）,物理攻击,8,提升物理伤害,2,,,,,,,10,10,10,10,10,40,40,10,10,3,
40032,暗堕型希尔维娅(富豪),提升物理伤害,1,追加伤害,1,提升属性抗性,1,物理攻击,6,提升物理防御,1,10,10,10,10,10,40,40,10,10,3,
40033,暗堕型希尔维娅（侠客）,降低魔法伤害,9,追加伤害,1,,,,,,,10,10,10,10,10,40,40,10,10,3,
40034,暗堕型希尔维娅（歌姬）,提升物理伤害,3,提升恢复量,1,恢复,5,持续恢复,1,,,10,10,10,10,10,40,40,10,10,3,
40041,暗堕型塞莉希尔（佣兵）,物理攻击,10,,,,,,,,,10,10,10,10,10,40,40,10,10,3,
40042,暗堕型塞莉希尔(富豪),提升魔法防御,4,提升物理防御,4,提升全防御,1,追加伤害,1,,,10,10,10,10,10,40,40,10,10,3,
40043,暗堕型塞莉希尔（侠客）,持续伤害,2,降低魔法伤害,4,降低物理伤害,4,,,,,10,10,10,10,10,40,40,10,10,3,
40044,暗堕型塞莉希尔（歌姬）,恢复,4,提升物理伤害,4,持续恢复,1,提升恢复量,1,,,10,10,10,10,10,40,40,10,10,3,
40051,圣夜型橄榄石（佣兵）,物理攻击,8,提升物理伤害,2,,,,,,,10,10,10,10,10,40,40,10,10,3,
40052,圣夜型橄榄石(富豪),提升物理防御,4,提升魔法防御,4,提升全防御,1,提升属性抗性,1,,,10,10,10,10,10,40,40,10,10,3,
40053,圣夜型橄榄石（侠客）,魔法攻撃,5,降低物理伤害,2,降低魔法伤害,2,提升魔法伤害,1,,,10,10,10,10,10,40,40,10,10,3,
40054,圣夜型橄榄石（歌姬）,提升恢复量,2,恢复,5,提升物理伤害,3,,,,,10,10,10,10,10,40,40,10,10,3,
40061,圣夜型侠客亚瑟（佣兵）,物理攻击,8,提升物理伤害,2,,,,,,,10,10,10,10,10,40,40,10,10,3,
40062,圣夜型侠客亚瑟(富豪),提升魔法防御,10,,,,,,,,,10,10,10,10,10,40,40,10,10,3,
40063,圣夜型侠客亚瑟（侠客）,降低魔法伤害,5,魔法攻撃,2,持续伤害,3,,,,,10,10,10,10,10,40,40,10,10,3,
40064,圣夜型侠客亚瑟（歌姬）,提升物理伤害,3,提升恢复量,2,恢复,5,,,,,10,10,10,10,10,40,40,10,10,3,
40071,新春型君士坦丁（佣兵）,物理攻击,8,提升物理伤害,2,,,,,,,10,10,10,10,10,40,40,10,10,3,
40072,新春型君士坦丁(富豪),提升魔法防御,9,降低魔法伤害,1,,,,,,,10,10,10,10,10,40,40,10,10,3,
40073,新春型君士坦丁(侠客),降低魔法伤害,7,魔法攻击,3,,,,,,,10,10,10,10,10,40,40,10,10,3,
40074,新春型君士坦丁(歌姬),提升物理伤害,2,提升恢复量,1,持续恢复,1,恢复,5,提升魔法伤害,1,10,10,10,10,10,40,40,10,10,3,
40081,新春型佣兵亚瑟（佣兵）,物理攻击,8,提升物理伤害,2,,,,,,,10,10,10,10,10,40,40,10,10,3,
40082,新春型佣兵亚瑟(富豪),降低物理伤害,1,提升魔法防御,3,提升全防御,3,提升物理防御,3,,,10,10,10,10,10,40,40,10,10,3,
40083,新春型佣兵亚瑟(侠客),魔法攻击,4,降低物理伤害,5,降低全伤害,1,,,,,10,10,10,10,10,40,40,10,10,3,
40084,新春型佣兵亚瑟(歌姬),提升恢复量,1,恢复,5,提升物理伤害,3,持续恢复,1,,,10,10,10,10,10,40,40,10,10,3,
40091,龙骑型艾菲（佣兵）,物理攻击,8,提升物理伤害,2,,,,,,,10,10,10,10,10,40,40,10,10,3,
40092,龙骑型艾菲(富豪),提升物理防御,8,降低物理伤害,2,,,,,,,10,10,10,10,10,40,40,10,10,3,
40093,龙骑型艾菲(侠客),魔法攻击,3,降低物理伤害,7,,,,,,,10,10,10,10,10,40,40,10,10,3,
40094,龙骑型艾菲(歌姬),恢复,3,提升恢复量,1,提升物理伤害,2,降低物理伤害,2,持续恢复,2,10,10,10,10,10,40,40,10,10,3,
40101,复制型艾露芬（佣兵）,物理攻击,9,提升物理伤害,1,,,,,,,10,10,10,10,10,40,40,10,10,3,
40102,复制型艾露芬(富豪),提升物理防御,4,提升魔法防御,3,提升属性抗性,2,提升全防御,1,,,10,10,10,10,10,40,40,10,10,3,
40103,复制型艾露芬(侠客),魔法攻击,1,降低物理伤害,5,降低魔法伤害,4,,,,,10,10,10,10,10,40,40,10,10,3,
40104,复制型艾露芬(歌姬),恢复,5,提升恢复量,1,提升物理伤害,2,提升魔法伤害,2,,,10,10,10,10,10,40,40,10,10,3,
40111,华恋型侠客亚瑟(佣兵),物理攻击,7,提升物理伤害,3,,,,,,,10,10,10,10,10,40,40,10,10,3,
40112,华恋型侠客亚瑟(富豪),提升魔法防御,10,,,,,,,,,10,10,10,10,10,40,40,10,10,3,
40113,华恋型侠客亚瑟(侠客),魔法攻击,4,降低魔法伤害,6,,,,,,,10,10,10,10,10,40,40,10,10,3,
40114,华恋型侠客亚瑟(歌姬),恢复,3,持续恢复,2,提升物理伤害,2,解除状态异常,2,提升恢复量,1,10,10,10,10,10,40,40,10,10,3,
40121,华恋型多莫维依(佣兵),物理攻击,8,提升物理伤害,1,追加伤害,1,,,,,10,10,10,10,10,40,40,10,10,3,
40122,华恋型多莫维依(富豪),提升物理防御,3,提升魔法防御,3,降低物理伤害,2,提升属性抗性,2,,,10,10,10,10,10,40,40,10,10,3,
40123,华恋型多莫维依(侠客),魔法攻击,6,降低物理伤害,4,,,,,,,10,10,10,10,10,40,40,10,10,3,
40124,华恋型多莫维依(歌姬),恢复,6,持续恢复,1,提升物理伤害,3,,,,,10,10,10,10,10,40,40,10,10,3,
40131,异界型 玉藻前(佣兵),物理攻击,8,提升物理伤害,2,,,,,,,10,10,10,10,10,40,40,10,10,3,
40132,异界型 玉藻前(富豪),提升魔法防御,9,降低魔法伤害,1,,,,,,,10,10,10,10,10,40,40,10,10,3,
40133,异界型 玉藻前(侠客),魔法攻击,5,降低魔法伤害,4,追加伤害,1,,,,,10,10,10,10,10,40,40,10,10,3,
40134,异界型 玉藻前(歌姬),恢复,2,降低魔法伤害,1,持续恢复,2,提升魔法防御,2,提升物理伤害,3,10,10,10,10,10,40,40,10,10,3,
40141,异界型阿蒂拉(佣兵),物理攻击,8,提升物理伤害,1,追加伤害,1,,,,,10,10,10,10,10,40,40,10,10,3,
40142,异界型阿蒂拉(富豪),挑衅,5,魔法攻击,2,追加伤害,3,,,,,10,10,10,10,10,40,40,10,10,3,
40143,异界型阿蒂拉(侠客),魔法攻击,5,降低魔法伤害,4,追加伤害,1,,,,,10,10,10,10,10,40,40,10,10,3,
40144,异界型阿蒂拉(歌姬),恢复,3,降低物理伤害,2,持续恢复,2,提升物理防御,1,提升物理伤害,2,10,10,10,10,10,40,40,10,10,3,
40151,逆行型贝琳(佣兵),物理攻击,4,魔法攻击,5,追加伤害,1,,,,,10,10,10,10,10,40,40,10,10,3,
40152,逆行型贝琳(富豪),提升物理防御,9,追加伤害,1,,,,,,,10,10,10,10,10,40,40,10,10,3,
40153,逆行型贝琳(侠客),降低物理伤害,7,标记,1,提升魔法伤害,1,追加伤害,1,,,10,10,10,10,10,40,40,10,10,3,
40154,逆行型贝琳(歌姬),恢复,4,持续恢复,1,提升魔法伤害,3,提升物理伤害,1,降低物理伤害,1,10,10,10,10,10,40,40,10,10,3,
40161,王位型菲迪露玛(佣兵),物理攻击,9,提升物理伤害,1,,,,,,,10,10,10,10,10,40,40,10,10,3,
40162,王位型菲迪露玛(富豪),提升魔法防御,4,提升全防御,3,降低魔法伤害,1,追加伤害,1,反射,1,10,10,10,10,10,40,40,10,10,3,
40163,王位型菲迪露玛(侠客),降低魔法伤害,7,降低物理伤害,1,降低全伤害,2,,,,,10,10,10,10,10,40,40,10,10,3,
40164,王位型菲迪露玛(歌姬),恢复,8,持续恢复,2,,,,,,,10,10,10,10,10,40,40,10,10,3,
40171,土方岁三(佣兵),物理攻击,10,,,,,,,,,10,10,10,10,10,40,40,10,10,3,
40172,土方岁三(富豪),物理攻击,5,提升物理防御,4,提升物理伤害,1,,,,,10,10,10,10,10,40,40,10,10,3,
40173,土方岁三(侠客),魔法攻击,9,提升魔法伤害,1,,,,,,,10,10,10,10,10,40,40,10,10,3,
40174,土方岁三(歌姬),魔法攻击,2,恢复,5,提升物理伤害,3,,,,,10,10,10,10,10,40,40,10,10,3,
40181,风间千景(佣兵),物理攻击,3,魔法攻击,7,,,,,,,10,10,10,10,10,40,40,10,10,3,
40182,风间千景(富豪),物理攻击,4,提升物理防御,5,提升物理伤害,1,,,,,10,10,10,10,10,40,40,10,10,3,
40183,风间千景(侠客),魔法攻击,9,提升魔法伤害,1,,,,,,,10,10,10,10,10,40,40,10,10,3,
40184,风间千景(歌姬),魔法攻击,1,恢复,7,提升魔法伤害,2,,,,,10,10,10,10,10,40,40,10,10,3,
40191,学徒型法莎莉雅(佣兵),物理攻击,4,魔法攻击,6,,,,,,,10,10,10,10,10,40,40,10,10,3,
40192,学徒型法莎莉雅(富豪),提升物理防御,3,提升魔法防御,3,提升全防御,2,提升属性抗性,2,,,10,10,10,10,10,40,40,10,10,3,
40193,学徒型法莎莉雅(侠客),魔法攻击,10,,,,,,,,,10,10,10,10,10,40,40,10,10,3,
40194,学徒型法莎莉雅(歌姬),恢复,6,持续恢复,1,提升魔法伤害,3,,,,,10,10,10,10,10,40,40,10,10,3,
40201,私装型薇薇(佣兵),物理攻击,5,魔法攻击,5,,,,,,,10,10,10,10,10,40,40,10,10,3,
40202,私装型薇薇(富豪),提升魔法防御,3,物理攻击,7,,,,,,,10,10,10,10,10,40,40,10,10,3,
40203,私装型薇薇(侠客),魔法攻击,9,降低魔法伤害,1,,,,,,,10,10,10,10,10,40,40,10,10,3,
40204,私装型薇薇(歌姬),恢复,6,魔法攻击,1,提升魔法伤害,2,提升物理伤害,1,,,10,10,10,10,10,40,40,10,10,3,
40211,侠士型 侠客亚瑟(佣兵),物理攻击,10,,,,,,,,,10,10,10,10,10,40,40,10,10,3,
40212,侠士型 侠客亚瑟(富豪),提升魔法防御,6,追加伤害,2,挑衅,2,,,,,10,10,10,10,10,40,40,10,10,3,
40213,侠士型 侠客亚瑟(侠客),魔法攻击,4,降低魔法伤害,6,,,,,,,10,10,10,10,10,40,40,10,10,3,
40214,侠士型 侠客亚瑟(歌姬),恢复,3,持续恢复,2,提升物理伤害,1,提升全伤害,3,降低魔法伤害,1,10,10,10,10,10,40,40,10,10,3,
40221,歌剧型 歌姬亚瑟(佣兵),物理攻击,8,追加伤害,2,,,,,,,10,10,10,10,10,40,40,10,10,3,
40222,歌剧型 歌姬亚瑟(富豪),提升魔法防御,6,追加伤害,2,提升属性抗性,2,,,,,10,10,10,10,10,40,40,10,10,3,
40223,歌剧型 歌姬亚瑟(侠客),魔法攻击,1,降低魔法伤害,6,降低属性抗性,3,,,,,10,10,10,10,10,40,40,10,10,3,
40224,歌剧型 歌姬亚瑟(歌姬),恢复,5,持续恢复,1,提升恢复量,1,提升物理伤害,2,提升全伤害,1,10,10,10,10,10,40,40,10,10,3,
40231,圣骑型加雷斯(佣兵),魔法攻击,5,追加伤害,1,提升魔法伤害,1,物理攻击,3,,,10,10,10,10,10,40,40,10,10,3,
40232,圣骑型加雷斯(富豪),提升物理防御,7,追加伤害,2,物理攻击,1,,,,,10,10,10,10,10,40,40,10,10,3,
40233,圣骑型加雷斯(侠客),魔法攻击,5,降低魔法伤害,3,提升魔法伤害,2,,,,,10,10,10,10,10,40,40,10,10,3,
40234,圣骑型加雷斯(歌姬),恢复,3,魔法攻击,2,提升恢复量,1,提升魔法伤害,2,提升全伤害,2,10,10,10,10,10,40,40,10,10,3,
40241,戴冠型君士坦丁(佣兵),魔法攻击,4,追加伤害,1,提升魔法伤害,1,物理攻击,4,,,10,10,10,10,10,40,40,10,10,3,
40242,戴冠型君士坦丁(富豪),提升物理防御,4,提升魔法防御,4,物理攻击,2,,,,,10,10,10,10,10,40,40,10,10,3,
40243,戴冠型君士坦丁(侠客),魔法攻击,2,降低魔法伤害,3,降低物理伤害,3,降低全伤害,2,,,10,10,10,10,10,40,40,10,10,3,
40244,戴冠型君士坦丁(歌姬),恢复,3,提升物理伤害,2,提升恢复量,1,提升魔法伤害,2,提升全伤害,2,10,10,10,10,10,40,40,10,10,3,
40251,炎夏型柯娜&柯妮(佣兵),物理攻击,8,提升物理伤害,1,追加伤害,1,,,,,10,10,10,10,10,40,40,10,10,3,
40252,炎夏型柯娜&柯妮(富豪),提升物理防御,7,降低物理伤害,1,提升属性抗性,1,追加伤害,1,,,10,10,10,10,10,40,40,10,10,3,
40253,炎夏型柯娜&柯妮(侠客),魔法攻击,6,降低物理伤害,3,提升魔法伤害,1,,,,,10,10,10,10,10,40,40,10,10,3,
40254,炎夏型柯娜&柯妮(歌姬),恢复,5,提升物理伤害,1,提升全伤害,1,提升魔法伤害,1,持续恢复,2,10,10,10,10,10,40,40,10,10,3,
40261,威廉(佣兵),物理攻击,9,降低属性耐性,1,,,,,,,10,10,10,10,10,40,40,10,10,3,
40262,威廉(富豪),提升物理防御,3,降低物理伤害,3,提升属性抗性,4,,,,,10,10,10,10,10,40,40,10,10,3,
40263,威廉(侠客),魔法攻击,4,降低物理伤害,6,,,,,,,10,10,10,10,10,40,40,10,10,3,
40264,威廉(歌姬),恢复,5,提升物理伤害,1,提升魔法伤害,1,提升全伤害,1,持续恢复,2,10,10,10,10,10,40,40,10,10,3,
40271,培提尔其乌斯(佣兵),魔法攻击,5,物理攻击,5,,,,,,,10,10,10,10,10,40,40,10,10,3,
40272,培提尔其乌斯(富豪),提升物理防御,6,提升属性抗性,2,追加伤害,2,,,,,10,10,10,10,10,40,40,10,10,3,
40273,培提尔其乌斯(侠客),魔法攻击,4,降低魔法伤害,4,持续伤害,2,,,,,10,10,10,10,10,40,40,10,10,3,
40274,培提尔其乌斯(歌姬),恢复,4,提升魔法伤害,2,提升全伤害,2,提升暴击率,1,持续恢复,1,10,10,10,10,10,40,40,10,10,3,
40281,里维莉亚(佣兵),魔法攻击,8,提升魔法伤害,2,,,,,,,10,10,10,10,10,40,40,10,10,3,
40282,里维莉亚(富豪),提升全防御,3,提升物理防御,1,提升魔法防御,3,追加伤害,2,提升属性抗性,1,10,10,10,10,10,40,40,10,10,3,
40283,里维莉亚(侠客),魔法攻击,3,提升魔法伤害,3,标记,1,降低物理伤害,1,降低魔法伤害,2,10,10,10,10,10,40,40,10,10,3,
40284,里维莉亚(歌姬),提升魔法伤害,5,提升全伤害,2,魔法攻击,1,持续恢复,1,恢复,1,10,10,10,10,10,40,40,10,10,3,
40291,芬恩(佣兵),物理攻击,8,提升物理伤害,2,,,,,,,10,10,10,10,10,40,40,10,10,3,
40292,芬恩(富豪),提升物理防御,5,提升全防御,2,提升属性抗性,3,,,,,10,10,10,10,10,40,40,10,10,3,
40293,芬恩(侠客),降低物理伤害,3,降低魔法伤害,2,标记,1,魔法攻击,4,,,10,10,10,10,10,40,40,10,10,3,
40294,芬恩(歌姬),提升物理伤害,3,提升全伤害,2,恢复,5,,,,,10,10,10,10,10,40,40,10,10,3,
40301,添寝型妖精(佣兵),物理攻击,5,魔法攻击,5,,,,,,,10,10,10,10,10,40,40,10,10,3,
40302,添寝型妖精(富豪),提升魔法防御,8,追加伤害,1,挑衅,1,,,,,10,10,10,10,10,40,40,10,10,3,
40303,添寝型妖精(侠客),魔法攻击,3,降低魔法伤害,5,标记,1,提升魔法伤害,1,,,10,10,10,10,10,40,40,10,10,3,
40304,添寝型妖精(歌姬),解除异常状态,4,提升全伤害,2,提升魔法伤害,3,持续恢复,1,,,10,10,10,10,10,40,40,10,10,3,
40311,添寝型艾文(佣兵),物理攻击,6,魔法攻击,4,,,,,,,10,10,10,10,10,40,40,10,10,3,
40312,添寝型艾文(富豪),提升物理防御,7,提升属性抗性,2,追加伤害,1,,,,,10,10,10,10,10,40,40,10,10,3,
40313,添寝型艾文(侠客),魔法攻击,4,降低魔法伤害,5,标记,1,,,,,10,10,10,10,10,40,40,10,10,3,
40314,添寝型艾文(歌姬),恢复,7,提升物理伤害,2,提升魔法伤害,1,,,,,10,10,10,10,10,40,40,10,10,3,
40321,凉风青叶 -泳装-,单体技能,6,全体技能,3,提升魔法伤害,1,,,,,10,10,10,10,10,40,40,10,10,3,
40322,凉风青叶 -泳装-,提升魔法防御,4,提升属性抗性,2,提升全防御,2,全体技能,1,追加伤害,1,10,10,10,10,10,40,40,10,10,3,
40323,凉风青叶 -泳装-,魔法攻击,6,提升魔法伤害,2,降低属性抗性,2,,,,,10,10,10,10,10,40,40,10,10,3,
40324,凉风青叶 -泳装-,提升全伤害,3,提升暴击率,1,恢复,2,提升魔法伤害,2,持续恢复,2,10,10,10,10,10,40,40,10,10,3,
40331,泷本日富美 -泳装-,物理攻击,8,提升物理伤害,2,,,,,,,10,10,10,10,10,40,40,10,10,3,
40332,泷本日富美 -泳装-,提升物理防御,8,降低物理伤害,2,,,,,,,10,10,10,10,10,40,40,10,10,3,
40333,泷本日富美 -泳装-,魔法攻击,3,降低物理伤害,7,,,,,,,10,10,10,10,10,40,40,10,10,3,
40334,泷本日富美 -泳装-,恢复,3,提升恢复量,1,提升物理伤害,2,降低物理伤害,2,持续恢复,2,10,10,10,10,10,40,40,10,10,3,
40341,暗堕型戈特弗里德,魔法攻击,4,物理攻击,4,提升物理伤害,1,提升魔法伤害,1,,,10,10,10,10,10,40,40,10,10,3,
40342,暗堕型戈特弗里德,提升物理防御,7,提升属性抗性,2,追加伤害,1,,,,,10,10,10,10,10,40,40,10,10,3,
40343,暗堕型戈特弗里德,魔法攻击,4,降低物理伤害,4,标记,1,降低属性抗性,1,,,10,10,10,10,10,40,40,10,10,3,
40344,暗堕型戈特弗里德,恢复,3,提升全伤害,3,提升物理伤害,1,提升暴击率,2,持续恢复,1,10,10,10,10,10,40,40,10,10,3,
40351,阿库娅･惠惠･达克妮丝,魔法攻击,4,物理攻击,5,提升物理伤害,1,,,,,10,10,10,10,10,40,40,10,10,3,
40352,阿库娅･惠惠･达克妮丝,提升魔法防御,2,提升属性抗性,1,提升物理防御,3,提升全防御,4,,,10,10,10,10,10,40,40,10,10,3,
40353,阿库娅･惠惠･达克妮丝,魔法攻击,6,降低物理伤害,3,降低魔法伤害,1,,,,,10,10,10,10,10,40,40,10,10,3,
40354,阿库娅･惠惠･达克妮丝,提升魔法伤害,2,提升全伤害,3,持续恢复,2,提升暴击率,1,恢复,2,10,10,10,10,10,40,40,10,10,3,
40361,和真,魔法攻击,4,物理攻击,4,提升物理伤害,1,提升魔法伤害,1,,,10,10,10,10,10,40,40,10,10,3,
40362,和真,提升物理防御,4,提升全防御,1,追加伤害,2,提升属性抗性,2,追加伤害,1,10,10,10,10,10,40,40,10,10,3,
40363,和真,魔法攻击,5,降低物理伤害,3,标记,1,降低属性抗性,1,,,10,10,10,10,10,40,40,10,10,3,
40364,和真,恢复,3,提升全伤害,3,提升物理伤害,1,提升暴击率,2,持续恢复,1,10,10,10,10,10,40,40,10,10,3,
40371,礼装型珀西瓦尔,物理攻击,9,提升物理伤害,1,,,,,,,10,10,10,10,10,40,40,10,10,3,
40372,礼装型珀西瓦尔,提升全防御,3,提升魔法防御,6,物理攻击,1,,,,,10,10,10,10,10,40,40,10,10,3,
40373,礼装型珀西瓦尔,魔法攻击,4,降低魔法伤害,4,降低全伤害,2,,,,,10,10,10,10,10,40,40,10,10,3,
40374,礼装型珀西瓦尔,提升全伤害,3,提升物理伤害,2,提升暴击率,1,提升魔法伤害,1,恢复,3,10,10,10,10,10,40,40,10,10,3,
40381,礼装型法莎莉雅,物理攻击,8,提升物理伤害,2,,,,,,,10,10,10,10,10,40,40,10,10,3,
40382,礼装型法莎莉雅,提升魔法防御,6,追加伤害,2,提升属性抗性,2,,,,,10,10,10,10,10,40,40,10,10,3,
40383,礼装型法莎莉雅,降低魔法伤害,4,标记,2,降低属性抗性,2,降低物理防御,2,,,10,10,10,10,10,40,40,10,10,3,
40384,礼装型法莎莉雅,恢复,3,提升全伤害,3,提升物理伤害,4,,,,,10,10,10,10,10,40,40,10,10,3,
40391,侵蚀型阿莱米拉,物理攻击,,提升物理伤害,,,,,,,,10,10,10,10,10,40,40,10,10,3,
40392,侵蚀型阿莱米拉,提升魔法防御,,追加伤害,,提升属性抗性,,,,,,10,10,10,10,10,40,40,10,10,3,
40393,侵蚀型阿莱米拉,降低魔法伤害,,标记,,降低属性抗性,,魔法攻击,,,,10,10,10,10,10,40,40,10,10,3,
40394,侵蚀型阿莱米拉,恢复,,提升全伤害,,提升物理伤害,,,,,,10,10,10,10,10,40,40,10,10,3,
40401,歌剧型缪斯,魔法攻击,,提升魔法伤害,,物理攻击,,降低属性抗性,,,,10,10,10,10,10,40,40,10,10,3,
40402,歌剧型缪斯,提升全防御,,提升魔法防御,,提升物理防御,,提升属性抗性,,,,10,10,10,10,10,40,40,10,10,3,
40403,歌剧型缪斯,降低魔法伤害,,降低全伤害,,降低属性抗性,,魔法攻击,,持续伤害,3,10,10,10,10,10,40,40,10,10,3,
40404,歌剧型缪斯,恢复,,提升全伤害,,提升魔法伤害,,持续恢复,,降低属性抗性,2,10,10,10,10,10,40,40,10,10,3,
40411,歌剧型菲&莉芙&艾尔,魔法攻击,,提升魔法伤害,,追加伤害,,,,,,10,10,10,10,10,40,40,10,10,3,
40412,歌剧型菲&莉芙&艾尔,提升魔法防御,,提升全防御,,提升属性抗性,,追加伤害,,抽牌+2,2,10,10,10,10,10,40,40,10,10,3,
40413,歌剧型菲&莉芙&艾尔,魔法攻击,,降低魔法伤害,,标记,,,,,,10,10,10,10,10,40,40,10,10,3,
40414,歌剧型菲&莉芙&艾尔,恢复,,提升全伤害,,提升魔法伤害,,持续恢复,,提升暴击率,1,10,10,10,10,10,40,40,10,10,3,
40421,贝琳 -捣乱公主-,物理攻击,,提升物理伤害,,降低属性抗性,,,,,,10,10,10,10,10,40,40,10,10,3,
40422,贝琳 -捣乱公主-,提升魔法防御,,提升物理防御,,提升属性抗性,,抽牌+2,,,,10,10,10,10,10,40,40,10,10,3,
40423,贝琳 -捣乱公主-,魔法攻击,,降低物理伤害,,降低魔法伤害,,降低属性抗性,,标记,1,10,10,10,10,10,40,40,10,10,3,
40424,贝琳 -捣乱公主-,恢复,,提升全伤害,,提升魔法伤害,,提升物理伤害,,持续恢复,2,10,10,10,10,10,40,40,10,10,3,
40431,魔创型君士坦丁,物理攻击,,魔法攻击,,,,,,,,10,10,10,10,10,40,40,10,10,3,
40432,魔创型君士坦丁,提升物理防御,,提升全防御,,提升属性抗性,,抽牌+2,,,,10,10,10,10,10,40,40,10,10,3,
40433,魔创型君士坦丁,魔法攻击,,降低物理伤害,,标记,,,,,,10,10,10,10,10,40,40,10,10,3,
40434,魔创型君士坦丁,恢复,,提升全伤害,,提升物理伤害,,,,,,10,10,10,10,10,40,40,10,10,3,
40441,私装型毕斯克拉乌莉特,物理攻击,4,魔法攻击,4,提升全伤害,2,,,,,10,10,10,10,10,40,40,10,10,3,
40442,私装型毕斯克拉乌莉特,提升物理防御,6,提升属性抗性,2,抽牌+2,2,,,,,10,10,10,10,10,40,40,10,10,3,
40443,私装型毕斯克拉乌莉特,魔法攻击,2,降低物理伤害,5,降低属性抗性,2,标记,1,,,10,10,10,10,10,40,40,10,10,3,
40444,私装型毕斯克拉乌莉特,恢复,5,提升全伤害,2,提升魔法伤害,1,提升物理伤害,2,,,10,10,10,10,10,40,40,10,10,3,
