#,アイテムID1,アイテムID2,アイテムID3,アイテムID4,アイテムID5,アイテムID6,アイテムID7,アイテムID8,アイテムID9,アイテムID10,アイテムID11,アイテムID12,アイテムID13,アイテムID14,アイテムID15,アイテムID16,アイテムID17,アイテムID18,アイテムID19,アイテムID20,
#ロンチ用,,,,,,,,,,,,,,,,,,,,,
10000010,,,,,,,,,,,,,,,,,,,,,
10000011,,,,,,,,,,,,,,,,,,,,,
10000012,,,,,,,,,,,,,,,,,,,,,
10000013,,,,,,,,,,,,,,,,,,,,,
10000018,,,,,,,,,,,,,,,,,,,,,
10000019,,,,,,,,,,,,,,,,,,,,,
10000020,,,,,,,,,,,,,,,,,,,,,
10000021,,,,,,,,,,,,,,,,,,,,,
10000022,,,,,,,,,,,,,,,,,,,,,
10000023,,,,,,,,,,,,,,,,,,,,,
10000024,,,,,,,,,,,,,,,,,,,,,
10000025,,,,,,,,,,,,,,,,,,,,,
10000026,,,,,,,,,,,,,,,,,,,,,
10000027,,,,,,,,,,,,,,,,,,,,,
10000030,,,,,,,,,,,,,,,,,,,,,
10000031,,,,,,,,,,,,,,,,,,,,,
10000032,,,,,,,,,,,,,,,,,,,,,
10000033,,,,,,,,,,,,,,,,,,,,,
10000034,,,,,,,,,,,,,,,,,,,,,
10000035,,,,,,,,,,,,,,,,,,,,,
10000036,,,,,,,,,,,,,,,,,,,,,
10000037,,,,,,,,,,,,,,,,,,,,,
10000038,,,,,,,,,,,,,,,,,,,,,
10000039,,,,,,,,,,,,,,,,,,,,,
10000040,,,,,,,,,,,,,,,,,,,,,
10000041,,,,,,,,,,,,,,,,,,,,,
10000042,,,,,,,,,,,,,,,,,,,,,
10000043,,,,,,,,,,,,,,,,,,,,,
10000044,,,,,,,,,,,,,,,,,,,,,
10000045,,,,,,,,,,,,,,,,,,,,,
10000046,,,,,,,,,,,,,,,,,,,,,
10000047,,,,,,,,,,,,,,,,,,,,,
10000048,,,,,,,,,,,,,,,,,,,,,
10000049,,,,,,,,,,,,,,,,,,,,,
10000050,,,,,,,,,,,,,,,,,,,,,
10000051,,,,,,,,,,,,,,,,,,,,,
10000052,,,,,,,,,,,,,,,,,,,,,
10000053,,,,,,,,,,,,,,,,,,,,,
10000054,,,,,,,,,,,,,,,,,,,,,
10000055,,,,,,,,,,,,,,,,,,,,,
10000056,,,,,,,,,,,,,,,,,,,,,
10000057,,,,,,,,,,,,,,,,,,,,,
10000058,,,,,,,,,,,,,,,,,,,,,
10000059,,,,,,,,,,,,,,,,,,,,,
10000061,,,,,,,,,,,,,,,,,,,,,
10000062,,,,,,,,,,,,,,,,,,,,,
10000063,,,,,,,,,,,,,,,,,,,,,
10000064,,,,,,,,,,,,,,,,,,,,,
10000065,,,,,,,,,,,,,,,,,,,,,
10000066,,,,,,,,,,,,,,,,,,,,,
10000067,,,,,,,,,,,,,,,,,,,,,
10000068,,,,,,,,,,,,,,,,,,,,,
10000069,,,,,,,,,,,,,,,,,,,,,
10000070,,,,,,,,,,,,,,,,,,,,,
10000071,,,,,,,,,,,,,,,,,,,,,
10000072,,,,,,,,,,,,,,,,,,,,,
10000073,,,,,,,,,,,,,,,,,,,,,
10000074,,,,,,,,,,,,,,,,,,,,,
10000075,,,,,,,,,,,,,,,,,,,,,
10000076,,,,,,,,,,,,,,,,,,,,,
10000077,,,,,,,,,,,,,,,,,,,,,
10000078,,,,,,,,,,,,,,,,,,,,,
10000079,,,,,,,,,,,,,,,,,,,,,
10000080,,,,,,,,,,,,,,,,,,,,,
10000081,,,,,,,,,,,,,,,,,,,,,
10000082,,,,,,,,,,,,,,,,,,,,,
10000083,,,,,,,,,,,,,,,,,,,,,
10000084,,,,,,,,,,,,,,,,,,,,,
10000085,,,,,,,,,,,,,,,,,,,,,
10000087,,,,,,,,,,,,,,,,,,,,,
10000088,,,,,,,,,,,,,,,,,,,,,
10000090,,,,,,,,,,,,,,,,,,,,,
10000091,,,,,,,,,,,,,,,,,,,,,
10000092,,,,,,,,,,,,,,,,,,,,,
10000093,,,,,,,,,,,,,,,,,,,,,
10000094,,,,,,,,,,,,,,,,,,,,,
10000095,,,,,,,,,,,,,,,,,,,,,
10000096,,,,,,,,,,,,,,,,,,,,,
10000097,,,,,,,,,,,,,,,,,,,,,
10000098,,,,,,,,,,,,,,,,,,,,,
10000099,,,,,,,,,,,,,,,,,,,,,
10000100,,,,,,,,,,,,,,,,,,,,,
10000101,,,,,,,,,,,,,,,,,,,,,
10000102,,,,,,,,,,,,,,,,,,,,,
10000103,,,,,,,,,,,,,,,,,,,,,
10000104,,,,,,,,,,,,,,,,,,,,,
10000105,,,,,,,,,,,,,,,,,,,,,
10000106,,,,,,,,,,,,,,,,,,,,,
10000107,,,,,,,,,,,,,,,,,,,,,
10000108,,,,,,,,,,,,,,,,,,,,,
10000109,,,,,,,,,,,,,,,,,,,,,
10000110,,,,,,,,,,,,,,,,,,,,,
10000111,,,,,,,,,,,,,,,,,,,,,
10000112,,,,,,,,,,,,,,,,,,,,,
10000114,,,,,,,,,,,,,,,,,,,,,
10000115,,,,,,,,,,,,,,,,,,,,,
10000116,,,,,,,,,,,,,,,,,,,,,
10000117,,,,,,,,,,,,,,,,,,,,,
10000118,,,,,,,,,,,,,,,,,,,,,
10000119,,,,,,,,,,,,,,,,,,,,,
10000123,,,,,,,,,,,,,,,,,,,,,
10000124,,,,,,,,,,,,,,,,,,,,,
10000125,,,,,,,,,,,,,,,,,,,,,
10000126,,,,,,,,,,,,,,,,,,,,,
10000129,,,,,,,,,,,,,,,,,,,,,
10000130,,,,,,,,,,,,,,,,,,,,,
10000131,,,,,,,,,,,,,,,,,,,,,
10000132,,,,,,,,,,,,,,,,,,,,,
10000133,,,,,,,,,,,,,,,,,,,,,
10000134,,,,,,,,,,,,,,,,,,,,,
10000141,,,,,,,,,,,,,,,,,,,,,
10000142,,,,,,,,,,,,,,,,,,,,,
10000151,,,,,,,,,,,,,,,,,,,,,
10000152,,,,,,,,,,,,,,,,,,,,,
10000153,,,,,,,,,,,,,,,,,,,,,
10000154,,,,,,,,,,,,,,,,,,,,,
10000155,,,,,,,,,,,,,,,,,,,,,
10000156,,,,,,,,,,,,,,,,,,,,,
10000157,,,,,,,,,,,,,,,,,,,,,
10000158,,,,,,,,,,,,,,,,,,,,,
10000162,,,,,,,,,,,,,,,,,,,,,
10000163,,,,,,,,,,,,,,,,,,,,,
10000164,,,,,,,,,,,,,,,,,,,,,
10000165,,,,,,,,,,,,,,,,,,,,,
10000166,,,,,,,,,,,,,,,,,,,,,
10000167,,,,,,,,,,,,,,,,,,,,,
10000168,,,,,,,,,,,,,,,,,,,,,
10000169,,,,,,,,,,,,,,,,,,,,,
10000170,,,,,,,,,,,,,,,,,,,,,
10000171,,,,,,,,,,,,,,,,,,,,,
10000172,,,,,,,,,,,,,,,,,,,,,
10000173,,,,,,,,,,,,,,,,,,,,,
10000174,,,,,,,,,,,,,,,,,,,,,
10000175,,,,,,,,,,,,,,,,,,,,,
10000176,,,,,,,,,,,,,,,,,,,,,
10000177,,,,,,,,,,,,,,,,,,,,,
10000178,,,,,,,,,,,,,,,,,,,,,
10000179,,,,,,,,,,,,,,,,,,,,,
10000180,,,,,,,,,,,,,,,,,,,,,
10000181,,,,,,,,,,,,,,,,,,,,,
10000182,,,,,,,,,,,,,,,,,,,,,
10000183,,,,,,,,,,,,,,,,,,,,,
10000184,,,,,,,,,,,,,,,,,,,,,
10000185,,,,,,,,,,,,,,,,,,,,,
10000186,,,,,,,,,,,,,,,,,,,,,
10000187,,,,,,,,,,,,,,,,,,,,,
10000188,,,,,,,,,,,,,,,,,,,,,
10000189,,,,,,,,,,,,,,,,,,,,,
10000197,,,,,,,,,,,,,,,,,,,,,
10000198,,,,,,,,,,,,,,,,,,,,,
10000199,,,,,,,,,,,,,,,,,,,,,
10000206,,,,,,,,,,,,,,,,,,,,,
10000207,,,,,,,,,,,,,,,,,,,,,
10000208,,,,,,,,,,,,,,,,,,,,,
10000209,,,,,,,,,,,,,,,,,,,,,
10000214,,,,,,,,,,,,,,,,,,,,,
10000215,,,,,,,,,,,,,,,,,,,,,
10000216,,,,,,,,,,,,,,,,,,,,,
10000217,,,,,,,,,,,,,,,,,,,,,
10000300,,,,,,,,,,,,,,,,,,,,,
10000301,,,,,,,,,,,,,,,,,,,,,
10000303,,,,,,,,,,,,,,,,,,,,,
10000304,,,,,,,,,,,,,,,,,,,,,
10000305,,,,,,,,,,,,,,,,,,,,,
10000306,,,,,,,,,,,,,,,,,,,,,
10000308,,,,,,,,,,,,,,,,,,,,,
10001001,,,,,,,,,,,,,,,,,,,,,
10001002,,,,,,,,,,,,,,,,,,,,,
10001003,,,,,,,,,,,,,,,,,,,,,
10001004,,,,,,,,,,,,,,,,,,,,,
10001005,,,,,,,,,,,,,,,,,,,,,
10001006,,,,,,,,,,,,,,,,,,,,,
10001007,,,,,,,,,,,,,,,,,,,,,
10001008,,,,,,,,,,,,,,,,,,,,,
10001009,,,,,,,,,,,,,,,,,,,,,
10001014,,,,,,,,,,,,,,,,,,,,,
10001015,,,,,,,,,,,,,,,,,,,,,
10001023,,,,,,,,,,,,,,,,,,,,,
10001024,,,,,,,,,,,,,,,,,,,,,
10001025,,,,,,,,,,,,,,,,,,,,,
10001026,,,,,,,,,,,,,,,,,,,,,
10001029,,,,,,,,,,,,,,,,,,,,,
10001030,,,,,,,,,,,,,,,,,,,,,
10001031,,,,,,,,,,,,,,,,,,,,,
10001032,,,,,,,,,,,,,,,,,,,,,
10001033,,,,,,,,,,,,,,,,,,,,,
10001034,,,,,,,,,,,,,,,,,,,,,
10001035,,,,,,,,,,,,,,,,,,,,,
10001036,,,,,,,,,,,,,,,,,,,,,
#イベント報酬＆ガチャ報酬,,,,,,,,,,,,,,,,,,,,,
10001039,,,,,,,,,,,,,,,,,,,,,
10001040,,,,,,,,,,,,,,,,,,,,,
10001045,,,,,,,,,,,,,,,,,,,,,
10001046,,,,,,,,,,,,,,,,,,,,,
10001047,,,,,,,,,,,,,,,,,,,,,
10001048,,,,,,,,,,,,,,,,,,,,,
10001049,,,,,,,,,,,,,,,,,,,,,
10001050,,,,,,,,,,,,,,,,,,,,,
10001057,,,,,,,,,,,,,,,,,,,,,
10001058,,,,,,,,,,,,,,,,,,,,,
10002001,,,,,,,,,,,,,,,,,,,,,
10002002,,,,,,,,,,,,,,,,,,,,,
10002005,,,,,,,,,,,,,,,,,,,,,
10002006,,,,,,,,,,,,,,,,,,,,,
10002011,,,,,,,,,,,,,,,,,,,,,
10002012,,,,,,,,,,,,,,,,,,,,,
10002013,,,,,,,,,,,,,,,,,,,,,
10002014,,,,,,,,,,,,,,,,,,,,,
10002017,,,,,,,,,,,,,,,,,,,,,
10002018,,,,,,,,,,,,,,,,,,,,,
10002019,,,,,,,,,,,,,,,,,,,,,
10002020,,,,,,,,,,,,,,,,,,,,,
10002029,,,,,,,,,,,,,,,,,,,,,
10002030,,,,,,,,,,,,,,,,,,,,,
10003001,,,,,,,,,,,,,,,,,,,,,
10003002,,,,,,,,,,,,,,,,,,,,,
10003003,,,,,,,,,,,,,,,,,,,,,
10003004,,,,,,,,,,,,,,,,,,,,,
#シリアル報酬,,,,,,,,,,,,,,,,,,,,,
10003005,,,,,,,,,,,,,,,,,,,,,
10003006,,,,,,,,,,,,,,,,,,,,,
#事前登録ガチャ報酬,,,,,,,,,,,,,,,,,,,,,
10003007,,,,,,,,,,,,,,,,,,,,,
10003008,,,,,,,,,,,,,,,,,,,,,
10003009,,,,,,,,,,,,,,,,,,,,,
10003010,,,,,,,,,,,,,,,,,,,,,
#騎士カードUD追加,,,,,,,,,,,,,,,,,,,,,
#イベントボス報酬_第二弾,,,,,,,,,,,,,,,,,,,,,
10103001,,,,,,,,,,,,,,,,,,,,,
10103002,,,,,,,,,,,,,,,,,,,,,
10103003,,,,,,,,,,,,,,,,,,,,,
10103004,,,,,,,,,,,,,,,,,,,,,
10103005,,,,,,,,,,,,,,,,,,,,,
10103006,,,,,,,,,,,,,,,,,,,,,
10103007,,,,,,,,,,,,,,,,,,,,,
10103008,,,,,,,,,,,,,,,,,,,,,
10103009,,,,,,,,,,,,,,,,,,,,,
10103010,,,,,,,,,,,,,,,,,,,,,
#ガチャ追加第二弾「聖夜に舞い降りた天使」,,,,,,,,,,,,,,,,,,,,,
10104001,,,,,,,,,,,,,,,,,,,,,
10104002,,,,,,,,,,,,,,,,,,,,,
10104003,,,,,,,,,,,,,,,,,,,,,
10104004,,,,,,,,,,,,,,,,,,,,,
10104005,,,,,,,,,,,,,,,,,,,,,
10104006,,,,,,,,,,,,,,,,,,,,,
10104007,,,,,,,,,,,,,,,,,,,,,
10104008,,,,,,,,,,,,,,,,,,,,,
10104009,,,,,,,,,,,,,,,,,,,,,
10104010,,,,,,,,,,,,,,,,,,,,,
#ポイント交換報酬_第二弾,,,,,,,,,,,,,,,,,,,,,
10104011,,,,,,,,,,,,,,,,,,,,,
10104012,,,,,,,,,,,,,,,,,,,,,
#追加カード（１月/ガチャ前半）,,,,,,,,,,,,,,,,,,,,,
10105001,,,,,,,,,,,,,,,,,,,,,
10105002,,,,,,,,,,,,,,,,,,,,,
10105004,,,,,,,,,,,,,,,,,,,,,
10105005,,,,,,,,,,,,,,,,,,,,,
10105006,,,,,,,,,,,,,,,,,,,,,
10105007,,,,,,,,,,,,,,,,,,,,,
10105008,,,,,,,,,,,,,,,,,,,,,
10105009,,,,,,,,,,,,,,,,,,,,,
10105011,,,,,,,,,,,,,,,,,,,,,
10105012,,,,,,,,,,,,,,,,,,,,,
#追加カード（１月/イベントボス前半/メダル交換所報酬）,,,,,,,,,,,,,,,,,,,,,
10105013,,,,,,,,,,,,,,,,,,,,,
10105014,,,,,,,,,,,,,,,,,,,,,
10105015,,,,,,,,,,,,,,,,,,,,,
10105016,,,,,,,,,,,,,,,,,,,,,
10105018,,,,,,,,,,,,,,,,,,,,,
10105019,,,,,,,,,,,,,,,,,,,,,
10105020,,,,,,,,,,,,,,,,,,,,,
10105021,,,,,,,,,,,,,,,,,,,,,
10105022,,,,,,,,,,,,,,,,,,,,,
10105023,,,,,,,,,,,,,,,,,,,,,
10105025,,,,,,,,,,,,,,,,,,,,,
10105026,,,,,,,,,,,,,,,,,,,,,
10105027,,,,,,,,,,,,,,,,,,,,,
10105028,,,,,,,,,,,,,,,,,,,,,
#追加カード（１月/イベントの特別報酬）,,,,,,,,,,,,,,,,,,,,,
10105029,,,,,,,,,,,,,,,,,,,,,
10105030,,,,,,,,,,,,,,,,,,,,,
10105031,,,,,,,,,,,,,,,,,,,,,
10105032,,,,,,,,,,,,,,,,,,,,,
10105033,,,,,,,,,,,,,,,,,,,,,
10105034,,,,,,,,,,,,,,,,,,,,,
10105035,,,,,,,,,,,,,,,,,,,,,
10105036,,,,,,,,,,,,,,,,,,,,,
#追加カード（１2月/イベントの特別報酬）,,,,,,,,,,,,,,,,,,,,,
10106001,,,,,,,,,,,,,,,,,,,,,
10106002,,,,,,,,,,,,,,,,,,,,,
10106003,,,,,,,,,,,,,,,,,,,,,
10106004,,,,,,,,,,,,,,,,,,,,,
10106005,,,,,,,,,,,,,,,,,,,,,
10106006,,,,,,,,,,,,,,,,,,,,,
10106007,,,,,,,,,,,,,,,,,,,,,
10106008,,,,,,,,,,,,,,,,,,,,,
10106009,,,,,,,,,,,,,,,,,,,,,
10106010,,,,,,,,,,,,,,,,,,,,,
10106011,,,,,,,,,,,,,,,,,,,,,
10106012,,,,,,,,,,,,,,,,,,,,,
#追加カード（１月/ガチャ後半）,,,,,,,,,,,,,,,,,,,,,
10107001,,,,,,,,,,,,,,,,,,,,,
10107002,,,,,,,,,,,,,,,,,,,,,
10107003,,,,,,,,,,,,,,,,,,,,,
10107004,,,,,,,,,,,,,,,,,,,,,
10107005,,,,,,,,,,,,,,,,,,,,,
10107006,,,,,,,,,,,,,,,,,,,,,
10107007,,,,,,,,,,,,,,,,,,,,,
10107008,,,,,,,,,,,,,,,,,,,,,
10107009,,,,,,,,,,,,,,,,,,,,,
10107010,,,,,,,,,,,,,,,,,,,,,
#追加カード（１月/イベントボス後半/メダル交換所報酬）,,,,,,,,,,,,,,,,,,,,,
10107012,,,,,,,,,,,,,,,,,,,,,
10107013,,,,,,,,,,,,,,,,,,,,,
10107014,,,,,,,,,,,,,,,,,,,,,
10107015,,,,,,,,,,,,,,,,,,,,,
10107016,,,,,,,,,,,,,,,,,,,,,
10107017,,,,,,,,,,,,,,,,,,,,,
10107018,,,,,,,,,,,,,,,,,,,,,
10107019,,,,,,,,,,,,,,,,,,,,,
10107020,,,,,,,,,,,,,,,,,,,,,
10107021,,,,,,,,,,,,,,,,,,,,,
10107022,,,,,,,,,,,,,,,,,,,,,
10107023,,,,,,,,,,,,,,,,,,,,,
10107024,,,,,,,,,,,,,,,,,,,,,
10107025,,,,,,,,,,,,,,,,,,,,,
10107026,,,,,,,,,,,,,,,,,,,,,
10107027,,,,,,,,,,,,,,,,,,,,,
10107028,,,,,,,,,,,,,,,,,,,,,
#追加カード（１月/ガチャ聖杯フェス）,,,,,,,,,,,,,,,,,,,,,
10108001,,,,,,,,,,,,,,,,,,,,,
10108002,,,,,,,,,,,,,,,,,,,,,
10108003,,,,,,,,,,,,,,,,,,,,,
10108004,,,,,,,,,,,,,,,,,,,,,
10108005,,,,,,,,,,,,,,,,,,,,,
10108006,,,,,,,,,,,,,,,,,,,,,
10108007,,,,,,,,,,,,,,,,,,,,,
10108008,,,,,,,,,,,,,,,,,,,,,
#追加カード（２月/ガチャ前半）,,,,,,,,,,,,,,,,,,,,,
10108009,,,,,,,,,,,,,,,,,,,,,
10108010,,,,,,,,,,,,,,,,,,,,,
10108011,,,,,,,,,,,,,,,,,,,,,
10108012,,,,,,,,,,,,,,,,,,,,,
10108013,,,,,,,,,,,,,,,,,,,,,
10108014,,,,,,,,,,,,,,,,,,,,,
10108015,,,,,,,,,,,,,,,,,,,,,
10108016,,,,,,,,,,,,,,,,,,,,,
10108017,,,,,,,,,,,,,,,,,,,,,
10108018,,,,,,,,,,,,,,,,,,,,,
#追加カード（２月/イベントボス前半/メダル交換所報酬）,,,,,,,,,,,,,,,,,,,,,
10108019,,,,,,,,,,,,,,,,,,,,,
10108020,,,,,,,,,,,,,,,,,,,,,
10108021,,,,,,,,,,,,,,,,,,,,,
10108022,,,,,,,,,,,,,,,,,,,,,
10108023,,,,,,,,,,,,,,,,,,,,,
10108024,,,,,,,,,,,,,,,,,,,,,
10108025,,,,,,,,,,,,,,,,,,,,,
10108026,,,,,,,,,,,,,,,,,,,,,
10108027,,,,,,,,,,,,,,,,,,,,,
10108028,,,,,,,,,,,,,,,,,,,,,
10108029,,,,,,,,,,,,,,,,,,,,,
10108030,,,,,,,,,,,,,,,,,,,,,
10108031,,,,,,,,,,,,,,,,,,,,,
10108032,,,,,,,,,,,,,,,,,,,,,
#追加カード（２月/ガチャ後半）,,,,,,,,,,,,,,,,,,,,,
10109001,,,,,,,,,,,,,,,,,,,,,
10109002,,,,,,,,,,,,,,,,,,,,,
10109003,,,,,,,,,,,,,,,,,,,,,
10109004,,,,,,,,,,,,,,,,,,,,,
10109005,,,,,,,,,,,,,,,,,,,,,
10109006,,,,,,,,,,,,,,,,,,,,,
10109007,,,,,,,,,,,,,,,,,,,,,
10109008,,,,,,,,,,,,,,,,,,,,,
10109009,,,,,,,,,,,,,,,,,,,,,
10109010,,,,,,,,,,,,,,,,,,,,,
10109011,,,,,,,,,,,,,,,,,,,,,
10109012,,,,,,,,,,,,,,,,,,,,,
10109013,,,,,,,,,,,,,,,,,,,,,
10109014,,,,,,,,,,,,,,,,,,,,,
10109015,,,,,,,,,,,,,,,,,,,,,
10109016,,,,,,,,,,,,,,,,,,,,,
10109017,,,,,,,,,,,,,,,,,,,,,
10109018,,,,,,,,,,,,,,,,,,,,,
10109019,,,,,,,,,,,,,,,,,,,,,
10109020,,,,,,,,,,,,,,,,,,,,,
10109021,,,,,,,,,,,,,,,,,,,,,
10109022,,,,,,,,,,,,,,,,,,,,,
10109023,,,,,,,,,,,,,,,,,,,,,
10109024,,,,,,,,,,,,,,,,,,,,,
#追加カード（２月/火ガチャ_2015/01/30）,,,,,,,,,,,,,,,,,,,,,
10109027,,,,,,,,,,,,,,,,,,,,,
10109028,,,,,,,,,,,,,,,,,,,,,
10109029,,,,,,,,,,,,,,,,,,,,,
10109030,,,,,,,,,,,,,,,,,,,,,
10109031,,,,,,,,,,,,,,,,,,,,,
10109032,,,,,,,,,,,,,,,,,,,,,
10109033,,,,,,,,,,,,,,,,,,,,,
10109034,,,,,,,,,,,,,,,,,,,,,
#追加カード（２月/闇ガチャ_2015/02/13）,,,,,,,,,,,,,,,,,,,,,
10109035,,,,,,,,,,,,,,,,,,,,,
10109036,,,,,,,,,,,,,,,,,,,,,
10109037,,,,,,,,,,,,,,,,,,,,,
10109038,,,,,,,,,,,,,,,,,,,,,
10109039,,,,,,,,,,,,,,,,,,,,,
10109040,,,,,,,,,,,,,,,,,,,,,
10109041,,,,,,,,,,,,,,,,,,,,,
10109042,,,,,,,,,,,,,,,,,,,,,
#追加カード（３月/前半ガチャ）,,,,,,,,,,,,,,,,,,,,,
10110001,,,,,,,,,,,,,,,,,,,,,
10110002,,,,,,,,,,,,,,,,,,,,,
10110003,,,,,,,,,,,,,,,,,,,,,
10110004,,,,,,,,,,,,,,,,,,,,,
10110005,,,,,,,,,,,,,,,,,,,,,
10110006,,,,,,,,,,,,,,,,,,,,,
10110007,,,,,,,,,,,,,,,,,,,,,
10110008,,,,,,,,,,,,,,,,,,,,,
10110009,,,,,,,,,,,,,,,,,,,,,
10110010,,,,,,,,,,,,,,,,,,,,,
10110011,,,,,,,,,,,,,,,,,,,,,
10110012,,,,,,,,,,,,,,,,,,,,,
10110013,,,,,,,,,,,,,,,,,,,,,
10110014,,,,,,,,,,,,,,,,,,,,,
10110015,,,,,,,,,,,,,,,,,,,,,
10110016,,,,,,,,,,,,,,,,,,,,,
10110017,,,,,,,,,,,,,,,,,,,,,
10110018,,,,,,,,,,,,,,,,,,,,,
10110019,,,,,,,,,,,,,,,,,,,,,
10110020,,,,,,,,,,,,,,,,,,,,,
10110023,,,,,,,,,,,,,,,,,,,,,
10110024,,,,,,,,,,,,,,,,,,,,,
10110025,,,,,,,,,,,,,,,,,,,,,
10110026,,,,,,,,,,,,,,,,,,,,,
10110027,,,,,,,,,,,,,,,,,,,,,
10110028,,,,,,,,,,,,,,,,,,,,,
10110029,,,,,,,,,,,,,,,,,,,,,
10110030,,,,,,,,,,,,,,,,,,,,,
10110031,,,,,,,,,,,,,,,,,,,,,
10110032,,,,,,,,,,,,,,,,,,,,,
10110033,,,,,,,,,,,,,,,,,,,,,
10110034,,,,,,,,,,,,,,,,,,,,,
10110035,,,,,,,,,,,,,,,,,,,,,
10110036,,,,,,,,,,,,,,,,,,,,,
10110037,,,,,,,,,,,,,,,,,,,,,
10110038,,,,,,,,,,,,,,,,,,,,,
10110039,,,,,,,,,,,,,,,,,,,,,
10110040,,,,,,,,,,,,,,,,,,,,,
#追加カード（３月/後半ガチャ）,,,,,,,,,,,,,,,,,,,,,
10111001,,,,,,,,,,,,,,,,,,,,,
10111002,,,,,,,,,,,,,,,,,,,,,
10111003,,,,,,,,,,,,,,,,,,,,,
10111004,,,,,,,,,,,,,,,,,,,,,
10111005,,,,,,,,,,,,,,,,,,,,,
10111006,,,,,,,,,,,,,,,,,,,,,
10111007,,,,,,,,,,,,,,,,,,,,,
10111008,,,,,,,,,,,,,,,,,,,,,
10111009,,,,,,,,,,,,,,,,,,,,,
10111010,,,,,,,,,,,,,,,,,,,,,
10111011,,,,,,,,,,,,,,,,,,,,,
10111012,,,,,,,,,,,,,,,,,,,,,
10111013,,,,,,,,,,,,,,,,,,,,,
10111014,,,,,,,,,,,,,,,,,,,,,
10111015,,,,,,,,,,,,,,,,,,,,,
10111016,,,,,,,,,,,,,,,,,,,,,
10111017,,,,,,,,,,,,,,,,,,,,,
10111018,,,,,,,,,,,,,,,,,,,,,
10111019,,,,,,,,,,,,,,,,,,,,,
10111020,,,,,,,,,,,,,,,,,,,,,
10111021,,,,,,,,,,,,,,,,,,,,,
10111022,,,,,,,,,,,,,,,,,,,,,
10111023,,,,,,,,,,,,,,,,,,,,,
10111024,,,,,,,,,,,,,,,,,,,,,
10111025,,,,,,,,,,,,,,,,,,,,,
10111026,,,,,,,,,,,,,,,,,,,,,
10111027,,,,,,,,,,,,,,,,,,,,,
10111028,,,,,,,,,,,,,,,,,,,,,
10111029,,,,,,,,,,,,,,,,,,,,,
10111030,,,,,,,,,,,,,,,,,,,,,
10111031,,,,,,,,,,,,,,,,,,,,,
10111032,,,,,,,,,,,,,,,,,,,,,
10111033,,,,,,,,,,,,,,,,,,,,,
10111034,,,,,,,,,,,,,,,,,,,,,
10111035,,,,,,,,,,,,,,,,,,,,,
10111036,,,,,,,,,,,,,,,,,,,,,
10111037,,,,,,,,,,,,,,,,,,,,,
10111038,,,,,,,,,,,,,,,,,,,,,
#10111039,,,,,,,,,,,,,,,,,,,,,
#10111040,,,,,,,,,,,,,,,,,,,,,
10111041,,,,,,,,,,,,,,,,,,,,,
10111042,,,,,,,,,,,,,,,,,,,,,
10112001,,,,,,,,,,,,,,,,,,,,,
10112002,,,,,,,,,,,,,,,,,,,,,
10112003,,,,,,,,,,,,,,,,,,,,,
10112004,,,,,,,,,,,,,,,,,,,,,
10112005,,,,,,,,,,,,,,,,,,,,,
10112006,,,,,,,,,,,,,,,,,,,,,
10112007,,,,,,,,,,,,,,,,,,,,,
10112008,,,,,,,,,,,,,,,,,,,,,
#追加カード（４月/前半）,,,,,,,,,,,,,,,,,,,,,
10113001,,,,,,,,,,,,,,,,,,,,,
10113002,,,,,,,,,,,,,,,,,,,,,
10113003,,,,,,,,,,,,,,,,,,,,,
10113004,,,,,,,,,,,,,,,,,,,,,
10113005,,,,,,,,,,,,,,,,,,,,,
10113006,,,,,,,,,,,,,,,,,,,,,
10113007,,,,,,,,,,,,,,,,,,,,,
10113008,,,,,,,,,,,,,,,,,,,,,
10113009,,,,,,,,,,,,,,,,,,,,,
10113010,,,,,,,,,,,,,,,,,,,,,
10113011,,,,,,,,,,,,,,,,,,,,,
10113012,,,,,,,,,,,,,,,,,,,,,
10113013,,,,,,,,,,,,,,,,,,,,,
10113014,,,,,,,,,,,,,,,,,,,,,
10113015,,,,,,,,,,,,,,,,,,,,,
10113016,,,,,,,,,,,,,,,,,,,,,
10113017,,,,,,,,,,,,,,,,,,,,,
10113018,,,,,,,,,,,,,,,,,,,,,
10113019,,,,,,,,,,,,,,,,,,,,,
10113020,,,,,,,,,,,,,,,,,,,,,
10113021,,,,,,,,,,,,,,,,,,,,,
10113022,,,,,,,,,,,,,,,,,,,,,
10113023,,,,,,,,,,,,,,,,,,,,,
10113024,,,,,,,,,,,,,,,,,,,,,
10113025,,,,,,,,,,,,,,,,,,,,,
10113026,,,,,,,,,,,,,,,,,,,,,
10113027,,,,,,,,,,,,,,,,,,,,,
10113028,,,,,,,,,,,,,,,,,,,,,
10113029,,,,,,,,,,,,,,,,,,,,,
10113030,,,,,,,,,,,,,,,,,,,,,
10113031,,,,,,,,,,,,,,,,,,,,,
10113032,,,,,,,,,,,,,,,,,,,,,
10113033,,,,,,,,,,,,,,,,,,,,,
10113034,,,,,,,,,,,,,,,,,,,,,
10113035,,,,,,,,,,,,,,,,,,,,,
10113036,,,,,,,,,,,,,,,,,,,,,
10113037,,,,,,,,,,,,,,,,,,,,,
10113038,,,,,,,,,,,,,,,,,,,,,
10113039,,,,,,,,,,,,,,,,,,,,,
10113040,,,,,,,,,,,,,,,,,,,,,
10113041,,,,,,,,,,,,,,,,,,,,,
10113042,,,,,,,,,,,,,,,,,,,,,
10113043,,,,,,,,,,,,,,,,,,,,,
10113044,,,,,,,,,,,,,,,,,,,,,
10113045,,,,,,,,,,,,,,,,,,,,,
10113046,,,,,,,,,,,,,,,,,,,,,
10113047,,,,,,,,,,,,,,,,,,,,,
10113048,,,,,,,,,,,,,,,,,,,,,
10113049,,,,,,,,,,,,,,,,,,,,,
10113050,,,,,,,,,,,,,,,,,,,,,
10113051,,,,,,,,,,,,,,,,,,,,,
10113052,,,,,,,,,,,,,,,,,,,,,
10113053,,,,,,,,,,,,,,,,,,,,,
10113054,,,,,,,,,,,,,,,,,,,,,
10113055,,,,,,,,,,,,,,,,,,,,,
10113056,,,,,,,,,,,,,,,,,,,,,
10113057,,,,,,,,,,,,,,,,,,,,,
10113058,,,,,,,,,,,,,,,,,,,,,
10113059,,,,,,,,,,,,,,,,,,,,,
10113060,,,,,,,,,,,,,,,,,,,,,
10113061,,,,,,,,,,,,,,,,,,,,,
10113062,,,,,,,,,,,,,,,,,,,,,
10113063,,,,,,,,,,,,,,,,,,,,,
10113064,,,,,,,,,,,,,,,,,,,,,
10113065,,,,,,,,,,,,,,,,,,,,,
10113066,,,,,,,,,,,,,,,,,,,,,
10113067,,,,,,,,,,,,,,,,,,,,,
10113068,,,,,,,,,,,,,,,,,,,,,
10113069,,,,,,,,,,,,,,,,,,,,,
10113070,,,,,,,,,,,,,,,,,,,,,
10113071,,,,,,,,,,,,,,,,,,,,,
10113072,,,,,,,,,,,,,,,,,,,,,
10113073,,,,,,,,,,,,,,,,,,,,,
10113074,,,,,,,,,,,,,,,,,,,,,
10113075,,,,,,,,,,,,,,,,,,,,,
10113076,,,,,,,,,,,,,,,,,,,,,
10113077,,,,,,,,,,,,,,,,,,,,,
10113078,,,,,,,,,,,,,,,,,,,,,
10113079,,,,,,,,,,,,,,,,,,,,,
10113080,,,,,,,,,,,,,,,,,,,,,
#追加カード（４月/後半）,,,,,,,,,,,,,,,,,,,,,
10114001,,,,,,,,,,,,,,,,,,,,,
10114002,,,,,,,,,,,,,,,,,,,,,
10114003,,,,,,,,,,,,,,,,,,,,,
10114004,,,,,,,,,,,,,,,,,,,,,
10114005,,,,,,,,,,,,,,,,,,,,,
10114006,,,,,,,,,,,,,,,,,,,,,
10114007,,,,,,,,,,,,,,,,,,,,,
10114008,,,,,,,,,,,,,,,,,,,,,
10114009,,,,,,,,,,,,,,,,,,,,,
10114010,,,,,,,,,,,,,,,,,,,,,
10114011,,,,,,,,,,,,,,,,,,,,,
10114012,,,,,,,,,,,,,,,,,,,,,
10114013,,,,,,,,,,,,,,,,,,,,,
10114014,,,,,,,,,,,,,,,,,,,,,
10114015,,,,,,,,,,,,,,,,,,,,,
10114016,,,,,,,,,,,,,,,,,,,,,
10114017,,,,,,,,,,,,,,,,,,,,,
10114018,,,,,,,,,,,,,,,,,,,,,
10114019,,,,,,,,,,,,,,,,,,,,,
10114020,,,,,,,,,,,,,,,,,,,,,
10114021,,,,,,,,,,,,,,,,,,,,,
10114022,,,,,,,,,,,,,,,,,,,,,
10114023,,,,,,,,,,,,,,,,,,,,,
10114024,,,,,,,,,,,,,,,,,,,,,
10114025,,,,,,,,,,,,,,,,,,,,,
10114026,,,,,,,,,,,,,,,,,,,,,
10114027,,,,,,,,,,,,,,,,,,,,,
10114028,,,,,,,,,,,,,,,,,,,,,
10114029,,,,,,,,,,,,,,,,,,,,,
10114030,,,,,,,,,,,,,,,,,,,,,
10114031,,,,,,,,,,,,,,,,,,,,,
10114032,,,,,,,,,,,,,,,,,,,,,
10114033,,,,,,,,,,,,,,,,,,,,,
10114034,,,,,,,,,,,,,,,,,,,,,
10114035,,,,,,,,,,,,,,,,,,,,,
10114036,,,,,,,,,,,,,,,,,,,,,
10114037,,,,,,,,,,,,,,,,,,,,,
10114038,,,,,,,,,,,,,,,,,,,,,
10114039,,,,,,,,,,,,,,,,,,,,,
10114040,,,,,,,,,,,,,,,,,,,,,
10114041,,,,,,,,,,,,,,,,,,,,,
10114042,,,,,,,,,,,,,,,,,,,,,
10114043,,,,,,,,,,,,,,,,,,,,,
10114044,,,,,,,,,,,,,,,,,,,,,
10114045,,,,,,,,,,,,,,,,,,,,,
10114046,,,,,,,,,,,,,,,,,,,,,
10114047,,,,,,,,,,,,,,,,,,,,,
10114048,,,,,,,,,,,,,,,,,,,,,
#追加カード（５月/前半）,,,,,,,,,,,,,,,,,,,,,
10115001,,,,,,,,,,,,,,,,,,,,,
10115002,,,,,,,,,,,,,,,,,,,,,
10115003,,,,,,,,,,,,,,,,,,,,,
10115004,,,,,,,,,,,,,,,,,,,,,
10115005,,,,,,,,,,,,,,,,,,,,,
10115006,,,,,,,,,,,,,,,,,,,,,
10115007,,,,,,,,,,,,,,,,,,,,,
10115008,,,,,,,,,,,,,,,,,,,,,
10115009,,,,,,,,,,,,,,,,,,,,,
10115010,,,,,,,,,,,,,,,,,,,,,
10115011,,,,,,,,,,,,,,,,,,,,,
10115012,,,,,,,,,,,,,,,,,,,,,
10115013,,,,,,,,,,,,,,,,,,,,,
10115014,,,,,,,,,,,,,,,,,,,,,
10115015,,,,,,,,,,,,,,,,,,,,,
10115016,,,,,,,,,,,,,,,,,,,,,
10115017,,,,,,,,,,,,,,,,,,,,,
10115018,,,,,,,,,,,,,,,,,,,,,
10115019,,,,,,,,,,,,,,,,,,,,,
10115020,,,,,,,,,,,,,,,,,,,,,
10115021,,,,,,,,,,,,,,,,,,,,,
10115022,,,,,,,,,,,,,,,,,,,,,
10115023,,,,,,,,,,,,,,,,,,,,,
10115024,,,,,,,,,,,,,,,,,,,,,
10115025,,,,,,,,,,,,,,,,,,,,,
10115026,,,,,,,,,,,,,,,,,,,,,
10115027,,,,,,,,,,,,,,,,,,,,,
10115028,,,,,,,,,,,,,,,,,,,,,
10115029,,,,,,,,,,,,,,,,,,,,,
10115030,,,,,,,,,,,,,,,,,,,,,
10115031,,,,,,,,,,,,,,,,,,,,,
10115032,,,,,,,,,,,,,,,,,,,,,
10115033,,,,,,,,,,,,,,,,,,,,,
10115034,,,,,,,,,,,,,,,,,,,,,
10115035,,,,,,,,,,,,,,,,,,,,,
10115036,,,,,,,,,,,,,,,,,,,,,
10115037,,,,,,,,,,,,,,,,,,,,,
#追加カード（５月/後半）,,,,,,,,,,,,,,,,,,,,,
10116001,,,,,,,,,,,,,,,,,,,,,
10116002,,,,,,,,,,,,,,,,,,,,,
10116003,,,,,,,,,,,,,,,,,,,,,
10116004,,,,,,,,,,,,,,,,,,,,,
10116005,,,,,,,,,,,,,,,,,,,,,
10116006,,,,,,,,,,,,,,,,,,,,,
10116007,,,,,,,,,,,,,,,,,,,,,
10116008,,,,,,,,,,,,,,,,,,,,,
10116009,,,,,,,,,,,,,,,,,,,,,
10116010,,,,,,,,,,,,,,,,,,,,,
10116011,,,,,,,,,,,,,,,,,,,,,
10116012,,,,,,,,,,,,,,,,,,,,,
10116013,,,,,,,,,,,,,,,,,,,,,
10116014,,,,,,,,,,,,,,,,,,,,,
10116015,,,,,,,,,,,,,,,,,,,,,
10116016,,,,,,,,,,,,,,,,,,,,,
10116017,,,,,,,,,,,,,,,,,,,,,
10116018,,,,,,,,,,,,,,,,,,,,,
10116019,,,,,,,,,,,,,,,,,,,,,
10116020,,,,,,,,,,,,,,,,,,,,,
10116021,,,,,,,,,,,,,,,,,,,,,
10116022,,,,,,,,,,,,,,,,,,,,,
10116023,,,,,,,,,,,,,,,,,,,,,
10116024,,,,,,,,,,,,,,,,,,,,,
10116025,,,,,,,,,,,,,,,,,,,,,
10116026,,,,,,,,,,,,,,,,,,,,,
10116027,,,,,,,,,,,,,,,,,,,,,
10116028,,,,,,,,,,,,,,,,,,,,,
10116029,,,,,,,,,,,,,,,,,,,,,
10116030,,,,,,,,,,,,,,,,,,,,,
10116031,,,,,,,,,,,,,,,,,,,,,
10116032,,,,,,,,,,,,,,,,,,,,,
10116033,,,,,,,,,,,,,,,,,,,,,
10116034,,,,,,,,,,,,,,,,,,,,,
10116035,,,,,,,,,,,,,,,,,,,,,
10116036,,,,,,,,,,,,,,,,,,,,,
#追加カード（６月/前半）,,,,,,,,,,,,,,,,,,,,,
10117001,,,,,,,,,,,,,,,,,,,,,
10117002,,,,,,,,,,,,,,,,,,,,,
10117003,,,,,,,,,,,,,,,,,,,,,
10117004,,,,,,,,,,,,,,,,,,,,,
10117005,,,,,,,,,,,,,,,,,,,,,
10117006,,,,,,,,,,,,,,,,,,,,,
10117007,,,,,,,,,,,,,,,,,,,,,
10117008,,,,,,,,,,,,,,,,,,,,,
10117009,,,,,,,,,,,,,,,,,,,,,
10117010,,,,,,,,,,,,,,,,,,,,,
10117011,,,,,,,,,,,,,,,,,,,,,
10117012,,,,,,,,,,,,,,,,,,,,,
10117013,,,,,,,,,,,,,,,,,,,,,
10117014,,,,,,,,,,,,,,,,,,,,,
10117015,,,,,,,,,,,,,,,,,,,,,
10117016,,,,,,,,,,,,,,,,,,,,,
10117017,,,,,,,,,,,,,,,,,,,,,
10117018,,,,,,,,,,,,,,,,,,,,,
10117019,,,,,,,,,,,,,,,,,,,,,
10117020,,,,,,,,,,,,,,,,,,,,,
10117021,,,,,,,,,,,,,,,,,,,,,
10117022,,,,,,,,,,,,,,,,,,,,,
10117023,,,,,,,,,,,,,,,,,,,,,
10117024,,,,,,,,,,,,,,,,,,,,,
10117025,,,,,,,,,,,,,,,,,,,,,
10117026,,,,,,,,,,,,,,,,,,,,,
10117027,,,,,,,,,,,,,,,,,,,,,
10117028,,,,,,,,,,,,,,,,,,,,,
10117029,,,,,,,,,,,,,,,,,,,,,
10117030,,,,,,,,,,,,,,,,,,,,,
10117031,,,,,,,,,,,,,,,,,,,,,
10117032,,,,,,,,,,,,,,,,,,,,,
10117033,,,,,,,,,,,,,,,,,,,,,
10117034,,,,,,,,,,,,,,,,,,,,,
#追加カード（５月/聖杯祭カード２弾）,,,,,,,,,,,,,,,,,,,,,
10117035,,,,,,,,,,,,,,,,,,,,,
10117036,,,,,,,,,,,,,,,,,,,,,
10117037,,,,,,,,,,,,,,,,,,,,,
10117038,,,,,,,,,,,,,,,,,,,,,
10117039,,,,,,,,,,,,,,,,,,,,,
10117040,,,,,,,,,,,,,,,,,,,,,
10117041,,,,,,,,,,,,,,,,,,,,,
10117042,,,,,,,,,,,,,,,,,,,,,
#追加カード（６月/後半）,,,,,,,,,,,,,,,,,,,,,
10118001,,,,,,,,,,,,,,,,,,,,,
10118002,,,,,,,,,,,,,,,,,,,,,
10118003,,,,,,,,,,,,,,,,,,,,,
10118004,,,,,,,,,,,,,,,,,,,,,
10118005,,,,,,,,,,,,,,,,,,,,,
10118006,,,,,,,,,,,,,,,,,,,,,
10118007,,,,,,,,,,,,,,,,,,,,,
10118008,,,,,,,,,,,,,,,,,,,,,
10118009,,,,,,,,,,,,,,,,,,,,,
10118010,,,,,,,,,,,,,,,,,,,,,
10118011,,,,,,,,,,,,,,,,,,,,,
10118012,,,,,,,,,,,,,,,,,,,,,
10118013,,,,,,,,,,,,,,,,,,,,,
10118014,,,,,,,,,,,,,,,,,,,,,
10118015,,,,,,,,,,,,,,,,,,,,,
10118016,,,,,,,,,,,,,,,,,,,,,
10118017,,,,,,,,,,,,,,,,,,,,,
10118018,,,,,,,,,,,,,,,,,,,,,
10118019,,,,,,,,,,,,,,,,,,,,,
10118020,,,,,,,,,,,,,,,,,,,,,
10118021,,,,,,,,,,,,,,,,,,,,,
10118022,,,,,,,,,,,,,,,,,,,,,
10118023,,,,,,,,,,,,,,,,,,,,,
10118024,,,,,,,,,,,,,,,,,,,,,
10118025,,,,,,,,,,,,,,,,,,,,,
10118026,,,,,,,,,,,,,,,,,,,,,
10118027,,,,,,,,,,,,,,,,,,,,,
10118028,,,,,,,,,,,,,,,,,,,,,
10118029,,,,,,,,,,,,,,,,,,,,,
10118030,,,,,,,,,,,,,,,,,,,,,
10118031,,,,,,,,,,,,,,,,,,,,,
10118032,,,,,,,,,,,,,,,,,,,,,
10118033,,,,,,,,,,,,,,,,,,,,,
10118034,,,,,,,,,,,,,,,,,,,,,
#追加カード（７月/前半）,,,,,,,,,,,,,,,,,,,,,
10119001,,,,,,,,,,,,,,,,,,,,,
10119002,,,,,,,,,,,,,,,,,,,,,
10119003,,,,,,,,,,,,,,,,,,,,,
10119004,,,,,,,,,,,,,,,,,,,,,
10119005,,,,,,,,,,,,,,,,,,,,,
10119006,,,,,,,,,,,,,,,,,,,,,
10119007,,,,,,,,,,,,,,,,,,,,,
10119008,,,,,,,,,,,,,,,,,,,,,
10119009,,,,,,,,,,,,,,,,,,,,,
10119010,,,,,,,,,,,,,,,,,,,,,
10119011,,,,,,,,,,,,,,,,,,,,,
10119012,,,,,,,,,,,,,,,,,,,,,
10119013,,,,,,,,,,,,,,,,,,,,,
10119014,,,,,,,,,,,,,,,,,,,,,
10119015,,,,,,,,,,,,,,,,,,,,,
10119016,,,,,,,,,,,,,,,,,,,,,
10119017,,,,,,,,,,,,,,,,,,,,,
10119018,,,,,,,,,,,,,,,,,,,,,
10119019,,,,,,,,,,,,,,,,,,,,,
10119020,,,,,,,,,,,,,,,,,,,,,
10119021,,,,,,,,,,,,,,,,,,,,,
10119022,,,,,,,,,,,,,,,,,,,,,
10119023,,,,,,,,,,,,,,,,,,,,,
10119024,,,,,,,,,,,,,,,,,,,,,
10119025,,,,,,,,,,,,,,,,,,,,,
10119026,,,,,,,,,,,,,,,,,,,,,
10119027,,,,,,,,,,,,,,,,,,,,,
10119028,,,,,,,,,,,,,,,,,,,,,
10119029,,,,,,,,,,,,,,,,,,,,,
10119030,,,,,,,,,,,,,,,,,,,,,
10119031,,,,,,,,,,,,,,,,,,,,,
10119032,,,,,,,,,,,,,,,,,,,,,
10119033,,,,,,,,,,,,,,,,,,,,,
10119034,,,,,,,,,,,,,,,,,,,,,
10119035,,,,,,,,,,,,,,,,,,,,,
10119036,,,,,,,,,,,,,,,,,,,,,
10119037,,,,,,,,,,,,,,,,,,,,,
10119038,,,,,,,,,,,,,,,,,,,,,
10119039,,,,,,,,,,,,,,,,,,,,,
10119040,,,,,,,,,,,,,,,,,,,,,
#追加カード（７月/後半ガチャ）,,,,,,,,,,,,,,,,,,,,,
10120001,,,,,,,,,,,,,,,,,,,,,
10120002,,,,,,,,,,,,,,,,,,,,,
10120003,,,,,,,,,,,,,,,,,,,,,
10120004,,,,,,,,,,,,,,,,,,,,,
10120005,,,,,,,,,,,,,,,,,,,,,
10120006,,,,,,,,,,,,,,,,,,,,,
10120007,,,,,,,,,,,,,,,,,,,,,
10120008,,,,,,,,,,,,,,,,,,,,,
10120009,,,,,,,,,,,,,,,,,,,,,
10120010,,,,,,,,,,,,,,,,,,,,,
10120011,,,,,,,,,,,,,,,,,,,,,
10120012,,,,,,,,,,,,,,,,,,,,,
10120013,,,,,,,,,,,,,,,,,,,,,
10120014,,,,,,,,,,,,,,,,,,,,,
10120015,,,,,,,,,,,,,,,,,,,,,
10120016,,,,,,,,,,,,,,,,,,,,,
10120017,,,,,,,,,,,,,,,,,,,,,
10120018,,,,,,,,,,,,,,,,,,,,,
10120019,,,,,,,,,,,,,,,,,,,,,
10120020,,,,,,,,,,,,,,,,,,,,,
10120021,,,,,,,,,,,,,,,,,,,,,
10120022,,,,,,,,,,,,,,,,,,,,,
10120023,,,,,,,,,,,,,,,,,,,,,
10120024,,,,,,,,,,,,,,,,,,,,,
10120025,,,,,,,,,,,,,,,,,,,,,
10120026,,,,,,,,,,,,,,,,,,,,,
10120027,,,,,,,,,,,,,,,,,,,,,
10120028,,,,,,,,,,,,,,,,,,,,,
10120029,,,,,,,,,,,,,,,,,,,,,
10120030,,,,,,,,,,,,,,,,,,,,,
10120031,,,,,,,,,,,,,,,,,,,,,
10120032,,,,,,,,,,,,,,,,,,,,,
10120033,,,,,,,,,,,,,,,,,,,,,
10120034,,,,,,,,,,,,,,,,,,,,,
10120035,,,,,,,,,,,,,,,,,,,,,
10120036,,,,,,,,,,,,,,,,,,,,,
10120037,,,,,,,,,,,,,,,,,,,,,
10120038,,,,,,,,,,,,,,,,,,,,,
10120039,,,,,,,,,,,,,,,,,,,,,
10120040,,,,,,,,,,,,,,,,,,,,,
10120041,,,,,,,,,,,,,,,,,,,,,
10120042,,,,,,,,,,,,,,,,,,,,,
10120043,,,,,,,,,,,,,,,,,,,,,
10120044,,,,,,,,,,,,,,,,,,,,,
10120045,,,,,,,,,,,,,,,,,,,,,
10120046,,,,,,,,,,,,,,,,,,,,,
10120047,,,,,,,,,,,,,,,,,,,,,
10120048,,,,,,,,,,,,,,,,,,,,,
10120049,,,,,,,,,,,,,,,,,,,,,
10120050,,,,,,,,,,,,,,,,,,,,,
10120051,,,,,,,,,,,,,,,,,,,,,
10120052,,,,,,,,,,,,,,,,,,,,,
10120053,,,,,,,,,,,,,,,,,,,,,
10120054,,,,,,,,,,,,,,,,,,,,,
10120055,,,,,,,,,,,,,,,,,,,,,
#追加カード（８月/前半ガチャ）,,,,,,,,,,,,,,,,,,,,,
10121001,,,,,,,,,,,,,,,,,,,,,
10121002,,,,,,,,,,,,,,,,,,,,,
10121003,,,,,,,,,,,,,,,,,,,,,
10121004,,,,,,,,,,,,,,,,,,,,,
10121005,,,,,,,,,,,,,,,,,,,,,
10121006,,,,,,,,,,,,,,,,,,,,,
10121007,,,,,,,,,,,,,,,,,,,,,
10121008,,,,,,,,,,,,,,,,,,,,,
10121009,,,,,,,,,,,,,,,,,,,,,
10121010,,,,,,,,,,,,,,,,,,,,,
10121011,,,,,,,,,,,,,,,,,,,,,
10121012,,,,,,,,,,,,,,,,,,,,,
10121013,,,,,,,,,,,,,,,,,,,,,
10121014,,,,,,,,,,,,,,,,,,,,,
10121015,,,,,,,,,,,,,,,,,,,,,
10121016,,,,,,,,,,,,,,,,,,,,,
10121017,,,,,,,,,,,,,,,,,,,,,
10121018,,,,,,,,,,,,,,,,,,,,,
10121019,,,,,,,,,,,,,,,,,,,,,
10121020,,,,,,,,,,,,,,,,,,,,,
10121021,,,,,,,,,,,,,,,,,,,,,
10121022,,,,,,,,,,,,,,,,,,,,,
10121023,,,,,,,,,,,,,,,,,,,,,
10121024,,,,,,,,,,,,,,,,,,,,,
10121025,,,,,,,,,,,,,,,,,,,,,
10121026,,,,,,,,,,,,,,,,,,,,,
10121027,,,,,,,,,,,,,,,,,,,,,
10121028,,,,,,,,,,,,,,,,,,,,,
10121029,,,,,,,,,,,,,,,,,,,,,
10121030,,,,,,,,,,,,,,,,,,,,,
10121031,,,,,,,,,,,,,,,,,,,,,
10121032,,,,,,,,,,,,,,,,,,,,,
10121033,,,,,,,,,,,,,,,,,,,,,
10121034,,,,,,,,,,,,,,,,,,,,,
10121035,,,,,,,,,,,,,,,,,,,,,
10121036,,,,,,,,,,,,,,,,,,,,,
10121037,,,,,,,,,,,,,,,,,,,,,
10121038,,,,,,,,,,,,,,,,,,,,,
10121039,,,,,,,,,,,,,,,,,,,,,
10121040,,,,,,,,,,,,,,,,,,,,,
10121041,,,,,,,,,,,,,,,,,,,,,
10121042,,,,,,,,,,,,,,,,,,,,,
10121043,,,,,,,,,,,,,,,,,,,,,
10121044,,,,,,,,,,,,,,,,,,,,,
10121045,,,,,,,,,,,,,,,,,,,,,
10121047,,,,,,,,,,,,,,,,,,,,,
10121048,,,,,,,,,,,,,,,,,,,,,
10121049,,,,,,,,,,,,,,,,,,,,,
10121050,,,,,,,,,,,,,,,,,,,,,
10121051,,,,,,,,,,,,,,,,,,,,,
10121053,,,,,,,,,,,,,,,,,,,,,
10121054,,,,,,,,,,,,,,,,,,,,,
#追加カード（８月/後半ガチャ）,,,,,,,,,,,,,,,,,,,,,
10122001,,,,,,,,,,,,,,,,,,,,,
10122002,,,,,,,,,,,,,,,,,,,,,
10122003,,,,,,,,,,,,,,,,,,,,,
10122004,,,,,,,,,,,,,,,,,,,,,
10122005,,,,,,,,,,,,,,,,,,,,,
10122006,,,,,,,,,,,,,,,,,,,,,
10122007,,,,,,,,,,,,,,,,,,,,,
10122008,,,,,,,,,,,,,,,,,,,,,
10122009,,,,,,,,,,,,,,,,,,,,,
10122010,,,,,,,,,,,,,,,,,,,,,
10122011,,,,,,,,,,,,,,,,,,,,,
10122012,,,,,,,,,,,,,,,,,,,,,
10122013,,,,,,,,,,,,,,,,,,,,,
10122014,,,,,,,,,,,,,,,,,,,,,
10122015,,,,,,,,,,,,,,,,,,,,,
10122016,,,,,,,,,,,,,,,,,,,,,
10122017,,,,,,,,,,,,,,,,,,,,,
10122018,,,,,,,,,,,,,,,,,,,,,
10122019,,,,,,,,,,,,,,,,,,,,,
10122020,,,,,,,,,,,,,,,,,,,,,
10122021,,,,,,,,,,,,,,,,,,,,,
10122022,,,,,,,,,,,,,,,,,,,,,
10122023,,,,,,,,,,,,,,,,,,,,,
10122024,,,,,,,,,,,,,,,,,,,,,
10122025,,,,,,,,,,,,,,,,,,,,,
10122026,,,,,,,,,,,,,,,,,,,,,
10122027,,,,,,,,,,,,,,,,,,,,,
10122028,,,,,,,,,,,,,,,,,,,,,
10122029,,,,,,,,,,,,,,,,,,,,,
10122030,,,,,,,,,,,,,,,,,,,,,
10122031,,,,,,,,,,,,,,,,,,,,,
10122032,,,,,,,,,,,,,,,,,,,,,
10122033,,,,,,,,,,,,,,,,,,,,,
10122034,,,,,,,,,,,,,,,,,,,,,
10122035,,,,,,,,,,,,,,,,,,,,,
10122036,,,,,,,,,,,,,,,,,,,,,
10122037,,,,,,,,,,,,,,,,,,,,,
10122038,,,,,,,,,,,,,,,,,,,,,
10122039,,,,,,,,,,,,,,,,,,,,,
10122040,,,,,,,,,,,,,,,,,,,,,
10122041,,,,,,,,,,,,,,,,,,,,,
10122042,,,,,,,,,,,,,,,,,,,,,
10122043,,,,,,,,,,,,,,,,,,,,,
10122044,,,,,,,,,,,,,,,,,,,,,
10122045,,,,,,,,,,,,,,,,,,,,,
10122046,,,,,,,,,,,,,,,,,,,,,
10122047,,,,,,,,,,,,,,,,,,,,,
10122048,,,,,,,,,,,,,,,,,,,,,
10122049,,,,,,,,,,,,,,,,,,,,,
10122050,,,,,,,,,,,,,,,,,,,,,
10122051,,,,,,,,,,,,,,,,,,,,,
10122052,,,,,,,,,,,,,,,,,,,,,
10122053,,,,,,,,,,,,,,,,,,,,,
10122054,,,,,,,,,,,,,,,,,,,,,
10122055,,,,,,,,,,,,,,,,,,,,,
10122056,,,,,,,,,,,,,,,,,,,,,
#追加カード（９月/前半ガチャ）,,,,,,,,,,,,,,,,,,,,,
10123001,,,,,,,,,,,,,,,,,,,,,
10123002,,,,,,,,,,,,,,,,,,,,,
10123004,,,,,,,,,,,,,,,,,,,,,
10123005,,,,,,,,,,,,,,,,,,,,,
10123006,,,,,,,,,,,,,,,,,,,,,
10123007,,,,,,,,,,,,,,,,,,,,,
10123008,,,,,,,,,,,,,,,,,,,,,
10123009,,,,,,,,,,,,,,,,,,,,,
10123010,,,,,,,,,,,,,,,,,,,,,
10123011,,,,,,,,,,,,,,,,,,,,,
10123013,,,,,,,,,,,,,,,,,,,,,
10123014,,,,,,,,,,,,,,,,,,,,,
10123015,,,,,,,,,,,,,,,,,,,,,
10123016,,,,,,,,,,,,,,,,,,,,,
10123017,,,,,,,,,,,,,,,,,,,,,
10123018,,,,,,,,,,,,,,,,,,,,,
10123019,,,,,,,,,,,,,,,,,,,,,
10123020,,,,,,,,,,,,,,,,,,,,,
10123022,,,,,,,,,,,,,,,,,,,,,
10123023,,,,,,,,,,,,,,,,,,,,,
10123024,,,,,,,,,,,,,,,,,,,,,
10123025,,,,,,,,,,,,,,,,,,,,,
10123026,,,,,,,,,,,,,,,,,,,,,
10123027,,,,,,,,,,,,,,,,,,,,,
10123028,,,,,,,,,,,,,,,,,,,,,
10123029,,,,,,,,,,,,,,,,,,,,,
10123030,,,,,,,,,,,,,,,,,,,,,
10123031,,,,,,,,,,,,,,,,,,,,,
10123032,,,,,,,,,,,,,,,,,,,,,
10123033,,,,,,,,,,,,,,,,,,,,,
10123034,,,,,,,,,,,,,,,,,,,,,
10123035,,,,,,,,,,,,,,,,,,,,,
10123036,,,,,,,,,,,,,,,,,,,,,
10123037,,,,,,,,,,,,,,,,,,,,,
10123038,,,,,,,,,,,,,,,,,,,,,
10123039,,,,,,,,,,,,,,,,,,,,,
10123040,,,,,,,,,,,,,,,,,,,,,
10123041,,,,,,,,,,,,,,,,,,,,,
10123042,,,,,,,,,,,,,,,,,,,,,
10123043,,,,,,,,,,,,,,,,,,,,,
10123044,,,,,,,,,,,,,,,,,,,,,
10123045,,,,,,,,,,,,,,,,,,,,,
10123046,,,,,,,,,,,,,,,,,,,,,
10123047,,,,,,,,,,,,,,,,,,,,,
10123048,,,,,,,,,,,,,,,,,,,,,
10123049,,,,,,,,,,,,,,,,,,,,,
10123050,,,,,,,,,,,,,,,,,,,,,
10123051,,,,,,,,,,,,,,,,,,,,,
10123052,,,,,,,,,,,,,,,,,,,,,
10123053,,,,,,,,,,,,,,,,,,,,,
10123054,,,,,,,,,,,,,,,,,,,,,
10123055,,,,,,,,,,,,,,,,,,,,,
10123056,,,,,,,,,,,,,,,,,,,,,
10123057,,,,,,,,,,,,,,,,,,,,,
#追加カード（９月/後半ガチャ）,,,,,,,,,,,,,,,,,,,,,
10124001,,,,,,,,,,,,,,,,,,,,,
10124002,,,,,,,,,,,,,,,,,,,,,
10124003,,,,,,,,,,,,,,,,,,,,,
10124004,,,,,,,,,,,,,,,,,,,,,
10124005,,,,,,,,,,,,,,,,,,,,,
10124006,,,,,,,,,,,,,,,,,,,,,
10124007,,,,,,,,,,,,,,,,,,,,,
10124008,,,,,,,,,,,,,,,,,,,,,
10124009,,,,,,,,,,,,,,,,,,,,,
10124010,,,,,,,,,,,,,,,,,,,,,
10124011,,,,,,,,,,,,,,,,,,,,,
10124012,,,,,,,,,,,,,,,,,,,,,
10124013,,,,,,,,,,,,,,,,,,,,,
10124014,,,,,,,,,,,,,,,,,,,,,
10124015,,,,,,,,,,,,,,,,,,,,,
10124016,,,,,,,,,,,,,,,,,,,,,
10124017,,,,,,,,,,,,,,,,,,,,,
10124018,,,,,,,,,,,,,,,,,,,,,
10124019,,,,,,,,,,,,,,,,,,,,,
10124020,,,,,,,,,,,,,,,,,,,,,
10124021,,,,,,,,,,,,,,,,,,,,,
10124022,,,,,,,,,,,,,,,,,,,,,
10124023,,,,,,,,,,,,,,,,,,,,,
10124024,,,,,,,,,,,,,,,,,,,,,
10124025,,,,,,,,,,,,,,,,,,,,,
10124026,,,,,,,,,,,,,,,,,,,,,
10124027,,,,,,,,,,,,,,,,,,,,,
10124028,,,,,,,,,,,,,,,,,,,,,
10124029,,,,,,,,,,,,,,,,,,,,,
10124030,,,,,,,,,,,,,,,,,,,,,
10124031,,,,,,,,,,,,,,,,,,,,,
10124032,,,,,,,,,,,,,,,,,,,,,
10124033,,,,,,,,,,,,,,,,,,,,,
10124034,,,,,,,,,,,,,,,,,,,,,
10124035,,,,,,,,,,,,,,,,,,,,,
10124036,,,,,,,,,,,,,,,,,,,,,
10124037,,,,,,,,,,,,,,,,,,,,,
10124038,,,,,,,,,,,,,,,,,,,,,
10124039,,,,,,,,,,,,,,,,,,,,,
10124040,,,,,,,,,,,,,,,,,,,,,
10124041,,,,,,,,,,,,,,,,,,,,,
10124042,,,,,,,,,,,,,,,,,,,,,
10124043,,,,,,,,,,,,,,,,,,,,,
10124044,,,,,,,,,,,,,,,,,,,,,
10124045,,,,,,,,,,,,,,,,,,,,,
10124046,,,,,,,,,,,,,,,,,,,,,
10124047,,,,,,,,,,,,,,,,,,,,,
10124048,,,,,,,,,,,,,,,,,,,,,
10124049,,,,,,,,,,,,,,,,,,,,,
10124050,,,,,,,,,,,,,,,,,,,,,
10124051,,,,,,,,,,,,,,,,,,,,,
#追加カード（１０月/前半ガチャ）,,,,,,,,,,,,,,,,,,,,,
10125001,,,,,,,,,,,,,,,,,,,,,
10125002,,,,,,,,,,,,,,,,,,,,,
10125003,,,,,,,,,,,,,,,,,,,,,
10125004,,,,,,,,,,,,,,,,,,,,,
10125005,,,,,,,,,,,,,,,,,,,,,
10125006,,,,,,,,,,,,,,,,,,,,,
10125007,,,,,,,,,,,,,,,,,,,,,
10125008,,,,,,,,,,,,,,,,,,,,,
10125009,,,,,,,,,,,,,,,,,,,,,
10125010,,,,,,,,,,,,,,,,,,,,,
10125011,,,,,,,,,,,,,,,,,,,,,
10125012,,,,,,,,,,,,,,,,,,,,,
10125013,,,,,,,,,,,,,,,,,,,,,
10125014,,,,,,,,,,,,,,,,,,,,,
10125015,,,,,,,,,,,,,,,,,,,,,
10125016,,,,,,,,,,,,,,,,,,,,,
10125017,,,,,,,,,,,,,,,,,,,,,
10125018,,,,,,,,,,,,,,,,,,,,,
10125019,,,,,,,,,,,,,,,,,,,,,
10125020,,,,,,,,,,,,,,,,,,,,,
10125021,,,,,,,,,,,,,,,,,,,,,
10125022,,,,,,,,,,,,,,,,,,,,,
10125023,,,,,,,,,,,,,,,,,,,,,
10125024,,,,,,,,,,,,,,,,,,,,,
10125025,,,,,,,,,,,,,,,,,,,,,
10125026,,,,,,,,,,,,,,,,,,,,,
10125027,,,,,,,,,,,,,,,,,,,,,
10125028,,,,,,,,,,,,,,,,,,,,,
10125029,,,,,,,,,,,,,,,,,,,,,
10125030,,,,,,,,,,,,,,,,,,,,,
10125031,,,,,,,,,,,,,,,,,,,,,
10125032,,,,,,,,,,,,,,,,,,,,,
10125033,,,,,,,,,,,,,,,,,,,,,
10125034,,,,,,,,,,,,,,,,,,,,,
10125035,,,,,,,,,,,,,,,,,,,,,
10125036,,,,,,,,,,,,,,,,,,,,,
10125037,,,,,,,,,,,,,,,,,,,,,
10125038,,,,,,,,,,,,,,,,,,,,,
10125039,,,,,,,,,,,,,,,,,,,,,
10125040,,,,,,,,,,,,,,,,,,,,,
10125041,,,,,,,,,,,,,,,,,,,,,
10125042,,,,,,,,,,,,,,,,,,,,,
10125043,,,,,,,,,,,,,,,,,,,,,
10125044,,,,,,,,,,,,,,,,,,,,,
10125045,,,,,,,,,,,,,,,,,,,,,
10125046,,,,,,,,,,,,,,,,,,,,,
10125047,,,,,,,,,,,,,,,,,,,,,
10125048,,,,,,,,,,,,,,,,,,,,,
10125049,,,,,,,,,,,,,,,,,,,,,
10125050,,,,,,,,,,,,,,,,,,,,,
10125051,,,,,,,,,,,,,,,,,,,,,
10125053,,,,,,,,,,,,,,,,,,,,,
10125054,,,,,,,,,,,,,,,,,,,,,
10125055,,,,,,,,,,,,,,,,,,,,,
#追加カード（１０月/後半ガチャ）,,,,,,,,,,,,,,,,,,,,,
10126001,,,,,,,,,,,,,,,,,,,,,
10126002,,,,,,,,,,,,,,,,,,,,,
10126003,,,,,,,,,,,,,,,,,,,,,
10126004,,,,,,,,,,,,,,,,,,,,,
10126005,,,,,,,,,,,,,,,,,,,,,
10126006,,,,,,,,,,,,,,,,,,,,,
10126007,,,,,,,,,,,,,,,,,,,,,
10126008,,,,,,,,,,,,,,,,,,,,,
10126009,,,,,,,,,,,,,,,,,,,,,
10126010,,,,,,,,,,,,,,,,,,,,,
10126011,,,,,,,,,,,,,,,,,,,,,
10126012,,,,,,,,,,,,,,,,,,,,,
10126013,,,,,,,,,,,,,,,,,,,,,
10126014,,,,,,,,,,,,,,,,,,,,,
10126015,,,,,,,,,,,,,,,,,,,,,
10126016,,,,,,,,,,,,,,,,,,,,,
10126017,,,,,,,,,,,,,,,,,,,,,
10126018,,,,,,,,,,,,,,,,,,,,,
10126019,,,,,,,,,,,,,,,,,,,,,
10126020,,,,,,,,,,,,,,,,,,,,,
10126021,,,,,,,,,,,,,,,,,,,,,
10126022,,,,,,,,,,,,,,,,,,,,,
10126023,,,,,,,,,,,,,,,,,,,,,
10126024,,,,,,,,,,,,,,,,,,,,,
10126025,,,,,,,,,,,,,,,,,,,,,
10126026,,,,,,,,,,,,,,,,,,,,,
10126027,,,,,,,,,,,,,,,,,,,,,
10126028,,,,,,,,,,,,,,,,,,,,,
10126029,,,,,,,,,,,,,,,,,,,,,
10126030,,,,,,,,,,,,,,,,,,,,,
10126031,,,,,,,,,,,,,,,,,,,,,
10126032,,,,,,,,,,,,,,,,,,,,,
10126035,,,,,,,,,,,,,,,,,,,,,
10126036,,,,,,,,,,,,,,,,,,,,,
10126037,,,,,,,,,,,,,,,,,,,,,
10126038,,,,,,,,,,,,,,,,,,,,,
10126039,,,,,,,,,,,,,,,,,,,,,
10126040,,,,,,,,,,,,,,,,,,,,,
10126041,,,,,,,,,,,,,,,,,,,,,
10126042,,,,,,,,,,,,,,,,,,,,,
10126043,,,,,,,,,,,,,,,,,,,,,
10126044,,,,,,,,,,,,,,,,,,,,,
10126045,,,,,,,,,,,,,,,,,,,,,
10126046,,,,,,,,,,,,,,,,,,,,,
10126047,,,,,,,,,,,,,,,,,,,,,
10126048,,,,,,,,,,,,,,,,,,,,,
10126049,,,,,,,,,,,,,,,,,,,,,
10126050,,,,,,,,,,,,,,,,,,,,,
10126051,,,,,,,,,,,,,,,,,,,,,
10126052,,,,,,,,,,,,,,,,,,,,,
10126053,,,,,,,,,,,,,,,,,,,,,
10126054,,,,,,,,,,,,,,,,,,,,,
10126055,,,,,,,,,,,,,,,,,,,,,
10126056,,,,,,,,,,,,,,,,,,,,,
#追加カード（１１月/前半ガチャ）,,,,,,,,,,,,,,,,,,,,,
10127001,,,,,,,,,,,,,,,,,,,,,
10127002,,,,,,,,,,,,,,,,,,,,,
10127003,,,,,,,,,,,,,,,,,,,,,
10127004,,,,,,,,,,,,,,,,,,,,,
10127005,,,,,,,,,,,,,,,,,,,,,
10127006,,,,,,,,,,,,,,,,,,,,,
10127007,,,,,,,,,,,,,,,,,,,,,
10127008,,,,,,,,,,,,,,,,,,,,,
10127009,,,,,,,,,,,,,,,,,,,,,
10127010,,,,,,,,,,,,,,,,,,,,,
10127011,,,,,,,,,,,,,,,,,,,,,
10127012,,,,,,,,,,,,,,,,,,,,,
10127013,,,,,,,,,,,,,,,,,,,,,
10127014,,,,,,,,,,,,,,,,,,,,,
10127015,,,,,,,,,,,,,,,,,,,,,
10127016,,,,,,,,,,,,,,,,,,,,,
10127017,,,,,,,,,,,,,,,,,,,,,
10127018,,,,,,,,,,,,,,,,,,,,,
10127019,,,,,,,,,,,,,,,,,,,,,
10127020,,,,,,,,,,,,,,,,,,,,,
10127021,,,,,,,,,,,,,,,,,,,,,
10127022,,,,,,,,,,,,,,,,,,,,,
10127023,,,,,,,,,,,,,,,,,,,,,
10127024,,,,,,,,,,,,,,,,,,,,,
10127025,,,,,,,,,,,,,,,,,,,,,
10127026,,,,,,,,,,,,,,,,,,,,,
10127027,,,,,,,,,,,,,,,,,,,,,
10127028,,,,,,,,,,,,,,,,,,,,,
10127029,,,,,,,,,,,,,,,,,,,,,
10127030,,,,,,,,,,,,,,,,,,,,,
10127031,,,,,,,,,,,,,,,,,,,,,
10127032,,,,,,,,,,,,,,,,,,,,,
10127033,,,,,,,,,,,,,,,,,,,,,
10127034,,,,,,,,,,,,,,,,,,,,,
10127035,,,,,,,,,,,,,,,,,,,,,
10127036,,,,,,,,,,,,,,,,,,,,,
10127037,,,,,,,,,,,,,,,,,,,,,
10127038,,,,,,,,,,,,,,,,,,,,,
10127039,,,,,,,,,,,,,,,,,,,,,
10127040,,,,,,,,,,,,,,,,,,,,,
10127041,,,,,,,,,,,,,,,,,,,,,
10127042,,,,,,,,,,,,,,,,,,,,,
10127043,,,,,,,,,,,,,,,,,,,,,
10127044,,,,,,,,,,,,,,,,,,,,,
10127045,,,,,,,,,,,,,,,,,,,,,
10127046,,,,,,,,,,,,,,,,,,,,,
10127047,,,,,,,,,,,,,,,,,,,,,
10127048,,,,,,,,,,,,,,,,,,,,,
10127049,,,,,,,,,,,,,,,,,,,,,
10127050,,,,,,,,,,,,,,,,,,,,,
10127051,,,,,,,,,,,,,,,,,,,,,
#共通カード,,,,,,,,,,,,,,,,,,,,,
10000231,,,,,,,,,,,,,,,,,,,,,
10000238,,,,,,,,,,,,,,,,,,,,,
10000245,,,,,,,,,,,,,,,,,,,,,
10000252,,,,,,,,,,,,,,,,,,,,,
10000258,,,,,,,,,,,,,,,,,,,,,
#素材カード,,,,,,,,,,,,,,,,,,,,,
20000001,,,,,,,,,,,,,,,,,,,,,
20000002,,,,,,,,,,,,,,,,,,,,,
20000003,,,,,,,,,,,,,,,,,,,,,
20000004,,,,,,,,,,,,,,,,,,,,,
20000005,,,,,,,,,,,,,,,,,,,,,
20000006,,,,,,,,,,,,,,,,,,,,,
20000007,,,,,,,,,,,,,,,,,,,,,
20000008,,,,,,,,,,,,,,,,,,,,,
20000009,,,,,,,,,,,,,,,,,,,,,
20000010,,,,,,,,,,,,,,,,,,,,,
20000011,,,,,,,,,,,,,,,,,,,,,
20000012,,,,,,,,,,,,,,,,,,,,,
20000013,,,,,,,,,,,,,,,,,,,,,
20000014,,,,,,,,,,,,,,,,,,,,,
20000015,,,,,,,,,,,,,,,,,,,,,
20000016,,,,,,,,,,,,,,,,,,,,,
20000017,,,,,,,,,,,,,,,,,,,,,
20000018,,,,,,,,,,,,,,,,,,,,,
20000019,,,,,,,,,,,,,,,,,,,,,
20000020,,,,,,,,,,,,,,,,,,,,,
20000021,,,,,,,,,,,,,,,,,,,,,
20000022,,,,,,,,,,,,,,,,,,,,,
20000023,,,,,,,,,,,,,,,,,,,,,
20000024,,,,,,,,,,,,,,,,,,,,,
20000025,,,,,,,,,,,,,,,,,,,,,
20000026,,,,,,,,,,,,,,,,,,,,,
20000027,,,,,,,,,,,,,,,,,,,,,
20000028,,,,,,,,,,,,,,,,,,,,,
20000029,,,,,,,,,,,,,,,,,,,,,
#素材カード_UD,,,,,,,,,,,,,,,,,,,,,
20001001,,,,,,,,,,,,,,,,,,,,,
20001002,,,,,,,,,,,,,,,,,,,,,
20001003,,,,,,,,,,,,,,,,,,,,,
20001004,,,,,,,,,,,,,,,,,,,,,
20001005,,,,,,,,,,,,,,,,,,,,,
20001006,,,,,,,,,,,,,,,,,,,,,
20001007,,,,,,,,,,,,,,,,,,,,,
20001008,,,,,,,,,,,,,,,,,,,,,
20001009,,,,,,,,,,,,,,,,,,,,,
20001010,,,,,,,,,,,,,,,,,,,,,
20001011,,,,,,,,,,,,,,,,,,,,,
20001012,,,,,,,,,,,,,,,,,,,,,
20001013,,,,,,,,,,,,,,,,,,,,,
20001014,,,,,,,,,,,,,,,,,,,,,
20001015,,,,,,,,,,,,,,,,,,,,,
20001016,,,,,,,,,,,,,,,,,,,,,
20001017,,,,,,,,,,,,,,,,,,,,,
20001018,,,,,,,,,,,,,,,,,,,,,
#お助け騎士,,,,,,,,,,,,,,,,,,,,,
40000001,,,,,,,,,,,,,,,,,,,,,
