#ページ,ポジション,カードID,
1,1,10000026,
1,2,10000027,
1,3,10000010,
1,4,10000011,
1,5,10000012,
1,6,10000013,
1,7,10000022,
1,8,10000023,
1,9,10000024,
1,10,10000025,
2,1,10000179,
2,2,10000180,
2,3,10000181,
2,4,10002011,
2,5,10002012,
2,6,10000182,
2,7,10000183,
2,8,10000184,
2,9,10000084,
2,10,10000085,
3,1,10000018,
3,2,10000019,
3,3,10000020,
3,4,10000021,
3,5,10000093,
3,6,10000094,
3,7,10000095,
3,8,10000114,
3,9,10000115,
3,10,10000116,
4,1,10000133,
4,2,10000134,
4,3,10001008,
4,4,10001009,
4,5,10002005,
4,6,10002006,
4,7,10000151,
4,8,10000152,
4,9,10000304,
4,10,10000108,
5,1,10000046,
5,2,10000047,
5,3,10000048,
5,4,10000049,
5,5,10000117,
5,6,10000118,
5,7,10000119,
5,8,10000305,
5,9,10000131,
5,10,10000132,
6,1,10000038,
6,2,10000039,
6,3,10000040,
6,4,10000041,
6,5,10000105,
6,6,10000106,
6,7,10000107,
6,8,10001005,
6,9,10001006,
6,10,10001007,
7,1,10000081,
7,2,10000082,
7,3,10000083,
7,4,10000125,
7,5,10000126,
7,6,10000306,
7,7,10000054,
7,8,10000055,
7,9,10000129,
7,10,10000130,
8,1,10001014,
8,2,10001015,
8,3,10000052,
8,4,10000053,
8,5,10001031,
8,6,10001032,
8,7,10000123,
8,8,10000124,
8,9,10000169,
8,10,10000170,
9,1,10000187,
9,2,10000188,
9,3,10000189,
9,4,10000197,
9,5,10000198,
9,6,10000199,
9,7,10001001,
9,8,10001002,
9,9,10001003,
9,10,10001004,
10,1,10000042,
10,2,10000043,
10,3,10000044,
10,4,10000045,
10,5,10000030,
10,6,10000031,
10,7,10000032,
10,8,10000033,
10,9,10000061,
10,10,10000062,
11,1,10000058,
11,2,10000059,
11,3,10000096,
11,4,10000097,
11,5,10000098,
11,6,10000072,
11,7,10000073,
11,8,10000074,
11,9,10001025,
11,10,10001026,
12,1,10000056,
12,2,10000057,
12,3,10001035,
12,4,10001036,
12,5,10000173,
12,6,10000174,
12,7,10000175,
12,8,10000166,
12,9,10000167,
12,10,10000168,
13,1,10000102,
13,2,10000103,
13,3,10000104,
13,4,10000308,
13,5,10000034,
13,6,10000035,
13,7,10000036,
13,8,10000037,
13,9,10000185,
13,10,10000186,
14,1,10000153,
14,2,10000154,
14,3,10000155,
14,4,10000156,
14,5,10000157,
14,6,10000158,
14,7,10000214,
14,8,10000215,
14,9,10000050,
14,10,10000051,
15,1,10002001,
15,2,10002002,
15,3,10000111,
15,4,10000112,
15,5,10000063,
15,6,10000064,
15,7,10001033,
15,8,10001034,
15,9,10000162,
15,10,10000163,
16,1,10000090,
16,2,10000303,
16,3,10000091,
16,4,10000092,
16,5,10000075,
16,6,10000076,
16,7,10000077,
16,8,10000078,
16,9,10000079,
16,10,10000080,
17,1,10000068,
17,2,10000069,
17,3,10000070,
17,4,10000071,
17,5,10000176,
17,6,10000177,
17,7,10000178,
17,8,10000065,
17,9,10000066,
17,10,10000067,
18,1,10000109,
18,2,10000110,
18,3,10000216,
18,4,10000217,
18,5,10000171,
18,6,10000172,
18,7,10000087,
18,8,10000088,
18,9,10000164,
18,10,10000165,
19,1,10001029,
19,2,10001030,
19,3,10003007,
19,4,10003008,
19,5,10003009,
19,6,10003010,
19,7,20000001,
19,8,20000002,
19,9,20000003,
19,10,20000004,
20,1,20000005,
20,2,20000006,
20,3,20000007,
20,4,20000008,
20,5,20000009,
20,6,20000010,
20,7,20000011,
20,8,20000012,
20,9,20000013,
20,10,20000014,
21,1,20000015,
21,2,20000016,
21,3,20000017,
21,4,20000018,
21,5,20000019,
21,6,20000020,
21,7,20000021,
21,8,20000022,
21,9,20000023,
21,10,20000024,
22,1,20000025,
22,2,20000026,
22,3,20000027,
22,4,20000028,
22,5,20000029,
22,6,10000099,
22,7,10000100,
22,8,10000101,
22,9,10003005,
22,10,10003006,
23,1,10000231,
23,2,10000238,
23,3,10000245,
23,4,10000252,
23,5,10001045,
23,6,10001046,
23,7,10002013,
23,8,10002014,
23,9,10001047,
23,10,10001048,
24,1,10001049,
24,2,10001050,
24,3,10000206,
24,4,10000207,
24,5,10003003,
24,6,10003004,
24,7,10003001,
24,8,10003002,
24,9,10000208,
24,10,10000209,
25,1,10002017,
25,2,10002018,
25,3,10001039,
25,4,10001040,
25,5,10002019,
25,6,10002020,
25,7,10000141,
25,8,10000142,
25,9,10000300,
25,10,10000301,
26,1,10001057,
26,2,10001058,
26,3,10001023,
26,4,10001024,
26,5,10103001,
26,6,10103002,
26,7,10103003,
26,8,10103004,
26,9,10103005,
26,10,10103006,
27,1,10103007,
27,2,10103008,
27,3,10103009,
27,4,10103010,
27,5,10104001,
27,6,10104002,
27,7,10104003,
27,8,10104004,
27,9,10104005,
27,10,10104006,
28,1,10104007,
28,2,10104008,
28,3,10104009,
28,4,10104010,
28,5,10002029,
28,6,10002030,
28,7,10104011,
28,8,10104012,
28,9,10106003,
28,10,10106004,
29,1,10106005,
29,2,10106006,
29,3,10106001,
29,4,10106002,
29,5,10106007,
29,6,10106008,
29,7,10106009,
29,8,10106010,
29,9,10106011,
29,10,10106012,
30,1,10105001,
30,2,10105002,
30,3,10105004,
30,4,10105005,
30,5,10105006,
30,6,10105007,
30,7,10105008,
30,8,10105009,
30,9,10105011,
30,10,10105012,
31,1,10105013,
31,2,10105014,
31,3,10105015,
31,4,10105016,
31,5,10105018,
31,6,10105019,
31,7,10105020,
31,8,10105021,
31,9,10105022,
31,10,10105023,
32,1,10105025,
32,2,10105026,
32,3,10105033,
32,4,10105034,
32,5,10105035,
32,6,10105036,
32,7,10105029,
32,8,10105030,
32,9,10105031,
32,10,10105032,
33,1,10105027,
33,2,10105028,
33,3,10107003,
33,4,10107004,
33,5,10107001,
33,6,10107002,
33,7,10107005,
33,8,10107006,
33,9,10107007,
33,10,10107008,
34,1,10107009,
34,2,10107010,
34,3,10107012,
34,4,10107013,
34,5,10107014,
34,6,10107015,
34,7,10107016,
34,8,10107017,
34,9,10107018,
34,10,10107019,
35,1,10107020,
35,2,10107021,
35,3,10107022,
35,4,10107023,
35,5,10107024,
35,6,10107025,
35,7,10108001,
35,8,10108002,
35,9,10108003,
35,10,10108004,
36,1,10108005,
36,2,10108006,
36,3,10108007,
36,4,10108008,
36,5,10107026,
36,6,10107027,
36,7,10107028,
36,8,10108009,
36,9,10108010,
36,10,10108011,
37,1,10108012,
37,2,10108013,
37,3,10108014,
37,4,10108015,
37,5,10108016,
37,6,10108017,
37,7,10108018,
37,8,10108019,
37,9,10108020,
37,10,10108021,
38,1,10108022,
38,2,10108023,
38,3,10108024,
38,4,10108025,
38,5,10108026,
38,6,10108027,
38,7,10108028,
38,8,10108029,
38,9,10108030,
38,10,10108031,
39,1,10108032,
39,2,10109027,
39,3,10109028,
39,4,10109029,
39,5,10109030,
39,6,10109031,
39,7,10109032,
39,8,10109033,
39,9,10109034,
39,10,10109001,
40,1,10109002,
40,2,10109003,
40,3,10109004,
40,4,10109005,
40,5,10109006,
40,6,10109007,
40,7,10109008,
40,8,10109009,
40,9,10109010,
40,10,10109011,
41,1,10109012,
41,2,10109013,
41,3,10109014,
41,4,10109015,
41,5,10109016,
41,6,10109017,
41,7,10109018,
41,8,10109019,
41,9,10109020,
41,10,10109021,
42,1,10109022,
42,2,10109023,
42,3,10109024,
42,4,10109035,
42,5,10109036,
42,6,10109037,
42,7,10109038,
42,8,10109039,
42,9,10109040,
42,10,10109041,
43,1,10109042,
43,2,10110001,
43,3,10110002,
43,4,10110003,
43,5,10110004,
43,6,10110005,
43,7,10110006,
43,8,10110007,
43,9,10110008,
43,10,10110009,
44,1,10110010,
44,2,10110011,
44,3,10110012,
44,4,10110013,
44,5,10110014,
44,6,10110015,
44,7,10110016,
44,8,10110017,
44,9,10110018,
44,10,10110019,
45,1,10110020,
45,2,10110023,
45,3,10110024,
45,4,10110025,
45,5,10110026,
45,6,10110027,
45,7,10110028,
45,8,10110029,
45,9,10110030,
45,10,10110031,
46,1,10110032,
46,2,10110033,
46,3,10110034,
46,4,10110035,
46,5,10110036,
46,6,10110037,
46,7,10110038,
46,8,10110039,
46,9,10110040,
46,10,10111001,
47,1,10111002,
47,2,10111003,
47,3,10111004,
47,4,10111005,
47,5,10111006,
47,6,10111007,
47,7,10111008,
47,8,10111009,
47,9,10111010,
47,10,10111011,
48,1,10111012,
48,2,10111013,
48,3,10111014,
48,4,10111015,
48,5,10111016,
48,6,10111017,
48,7,10111018,
48,8,10111019,
48,9,10111020,
48,10,10111021,
49,1,10111022,
49,2,10111023,
49,3,10111024,
49,4,10111025,
49,5,10111026,
49,6,10111027,
49,7,10111028,
49,8,10111029,
49,9,10111030,
49,10,10111031,
50,1,10111032,
50,2,10111033,
50,3,10111034,
50,4,10111035,
50,5,10111036,
50,6,10111037,
50,7,10111038,
50,8,10112001,
50,9,10112002,
50,10,10111041,
51,1,10111042,
51,2,10112003,
51,3,10112004,
51,4,10112005,
51,5,10112006,
51,6,10112007,
51,7,10112008,
51,8,10113001,
51,9,10113002,
51,10,10113003,
52,1,10113004,
52,2,10113005,
52,3,10113006,
52,4,10113007,
52,5,10113008,
52,6,10113009,
52,7,10113010,
52,8,10113011,
52,9,10113012,
52,10,10113013,
53,1,10113014,
53,2,10113015,
53,3,10113016,
53,4,10113017,
53,5,10113018,
53,6,10113019,
53,7,10113020,
53,8,10113021,
53,9,10113022,
53,10,10113023,
54,1,10113024,
54,2,10113025,
54,3,10113026,
54,4,10113027,
54,5,10113028,
54,6,10113029,
54,7,10113030,
54,8,10113031,
54,9,10113032,
54,10,10113033,
55,1,10113034,
55,2,10113035,
55,3,10113036,
55,4,10113037,
55,5,10113038,
55,6,10113039,
55,7,10113040,
55,8,10113041,
55,9,10113042,
55,10,10113043,
56,1,10113044,
56,2,10113045,
56,3,10113046,
56,4,10113047,
56,5,10113048,
56,6,10113049,
56,7,10113050,
56,8,10113051,
56,9,10113052,
56,10,10113053,
57,1,10113054,
57,2,10113055,
57,3,10113056,
57,4,10113057,
57,5,10113058,
57,6,10113059,
57,7,10113060,
57,8,10113061,
57,9,10113062,
57,10,10113063,
58,1,10113064,
58,2,10113065,
58,3,10113066,
58,4,10113067,
58,5,10113068,
58,6,10113069,
58,7,10113070,
58,8,10113071,
58,9,10113072,
58,10,10113073,
59,1,10113074,
59,2,10113075,
59,3,10113076,
59,4,10113077,
59,5,10113078,
59,6,10114001,
59,7,10114002,
59,8,10114003,
59,9,10114004,
59,10,10114005,
60,1,10114006,
60,2,10114007,
60,3,10114008,
60,4,10114009,
60,5,10114010,
60,6,10114011,
60,7,10114012,
60,8,10114013,
60,9,10114014,
60,10,10114015,
61,1,10114016,
61,2,10114017,
61,3,10114018,
61,4,10114019,
61,5,10114020,
61,6,10114021,
61,7,10114022,
61,8,10114023,
61,9,10114024,
61,10,10114025,
62,1,10114026,
62,2,10114027,
62,3,10114028,
62,4,10114029,
62,5,10114030,
62,6,10114031,
62,7,10114032,
62,8,10114033,
62,9,10114034,
62,10,10114035,
63,1,10114036,
63,2,10114037,
63,3,10114038,
63,4,10114039,
63,5,10114040,
63,6,10114041,
63,7,10114042,
63,8,10114043,
63,9,10114044,
63,10,10114045,
64,1,10114046,
64,2,10114047,
64,3,10114048,
64,4,10115001,
64,5,10115002,
64,6,10115003,
64,7,10115004,
64,8,10115005,
64,9,10115006,
64,10,10115007,
65,1,10115008,
65,2,10115009,
65,3,10115010,
65,4,10115011,
65,5,10115012,
65,6,10115013,
65,7,10115014,
65,8,10115015,
65,9,10115016,
65,10,10115017,
66,1,10115018,
66,2,10115019,
66,3,10115020,
66,4,10115021,
66,5,10115022,
66,6,10115023,
66,7,10115024,
66,8,10115025,
66,9,10115026,
66,10,10115027,
67,1,10115028,
67,2,10115029,
67,3,10115030,
67,4,10115031,
67,5,10115032,
67,6,10115033,
67,7,10115034,
67,8,10115035,
67,9,10115036,
67,10,10115037,
68,1,10116001,
68,2,10116002,
68,3,10116003,
68,4,10116004,
68,5,10116005,
68,6,10116006,
68,7,10116007,
68,8,10116008,
68,9,10116009,
68,10,10116010,
69,1,10116011,
69,2,10116012,
69,3,10116013,
69,4,10116014,
69,5,10116015,
69,6,10116016,
69,7,10116017,
69,8,10116018,
69,9,10116019,
69,10,10116020,
70,1,10116021,
70,2,10116022,
70,3,10116023,
70,4,10116024,
70,5,10116025,
70,6,10116026,
70,7,10116027,
70,8,10116028,
70,9,10116029,
70,10,10116030,
71,1,10116031,
71,2,10116032,
71,3,10116033,
71,4,10116034,
71,5,10116035,
71,6,10116036,
71,7,10117035,
71,8,10117036,
71,9,10117037,
71,10,10117038,
72,1,10117039,
72,2,10117040,
72,3,10117041,
72,4,10117042,
72,5,10117001,
72,6,10117002,
72,7,10117003,
72,8,10117004,
72,9,10117005,
72,10,10117006,
73,1,10117007,
73,2,10117008,
73,3,10117009,
73,4,10117010,
73,5,10117011,
73,6,10117012,
73,7,10117013,
73,8,10117014,
73,9,10117015,
73,10,10117016,
74,1,10117017,
74,2,10117018,
74,3,10117019,
74,4,10117020,
74,5,10117021,
74,6,10117022,
74,7,10117023,
74,8,10117024,
74,9,10117025,
74,10,10117026,
75,1,10117027,
75,2,10117028,
75,3,10117029,
75,4,10117030,
75,5,10117031,
75,6,10117032,
75,7,10117033,
75,8,10117034,
75,9,10118001,
75,10,10118002,
76,1,10118003,
76,2,10118004,
76,3,10118005,
76,4,10118006,
76,5,10118007,
76,6,10118008,
76,7,10118009,
76,8,10118010,
76,9,10118011,
76,10,10118012,
77,1,10118013,
77,2,10118014,
77,3,10118015,
77,4,10118016,
77,5,10118017,
77,6,10118018,
77,7,10118019,
77,8,10118020,
77,9,10118021,
77,10,10118022,
78,1,10118023,
78,2,10118024,
78,3,10118025,
78,4,10118026,
78,5,10118027,
78,6,10118028,
78,7,10118029,
78,8,10118030,
78,9,10118031,
78,10,10118032,
79,1,10118033,
79,2,10118034,
79,3,10119001,
79,4,10119002,
79,5,10119003,
79,6,10119004,
79,7,10119005,
79,8,10119006,
79,9,10119007,
79,10,10119008,
80,1,10119009,
80,2,10119010,
80,3,10119011,
80,4,10119012,
80,5,10119013,
80,6,10119014,
80,7,10119015,
80,8,10119016,
80,9,10119017,
80,10,10119018,
81,1,10119019,
81,2,10119020,
81,3,10119021,
81,4,10119022,
81,5,10119023,
81,6,10119024,
81,7,10119025,
81,8,10119026,
81,9,10119027,
81,10,10119028,
82,1,10119029,
82,2,10119030,
82,3,10119031,
82,4,10119032,
82,5,10119033,
82,6,10119034,
82,7,10119035,
82,8,10119036,
82,9,10119037,
82,10,10119038,
83,1,10119039,
83,2,10119040,
83,3,10120001,
83,4,10120002,
83,5,10120003,
83,6,10120004,
83,7,10120005,
83,8,10120006,
83,9,10120007,
83,10,10120008,
84,1,10120009,
84,2,10120010,
84,3,10120011,
84,4,10120012,
84,5,10120013,
84,6,10120014,
84,7,10120015,
84,8,10120016,
84,9,10120017,
84,10,10120018,
85,1,10120019,
85,2,10120020,
85,3,10120021,
85,4,10120022,
85,5,10120023,
85,6,10120024,
85,7,10120025,
85,8,10120026,
85,9,10120027,
85,10,10120028,
86,1,10120029,
86,2,10120030,
86,3,10120031,
86,4,10120032,
86,5,10120033,
86,6,10120034,
86,7,10120035,
86,8,10120036,
86,9,10120037,
86,10,10120038,
87,1,10120039,
87,2,10120040,
87,3,10120041,
87,4,10120042,
87,5,10120043,
87,6,10120044,
87,7,10120045,
87,8,10120046,
87,9,10120047,
87,10,10120048,
88,1,10120049,
88,2,10120050,
88,3,10120051,
88,4,10120052,
88,5,10120053,
88,6,10120054,
88,7,10120055,
88,8,10121001,
88,9,10121002,
88,10,10121003,
89,1,10121004,
89,2,10121005,
89,3,10121006,
89,4,10121007,
89,5,10121008,
89,6,10121009,
89,7,10121010,
89,8,10121011,
89,9,10121012,
89,10,10121013,
90,1,10121014,
90,2,10121015,
90,3,10121016,
90,4,10121017,
90,5,10121018,
90,6,10121019,
90,7,10121020,
90,8,10121021,
90,9,10121022,
90,10,10121023,
91,1,10121024,
91,2,10121025,
91,3,10121026,
91,4,10121027,
91,5,10121028,
91,6,10121029,
91,7,10121030,
91,8,10121031,
91,9,10121032,
91,10,10121033,
92,1,10121034,
92,2,10121035,
92,3,10121036,
92,4,10121037,
92,5,10121038,
92,6,10121039,
92,7,10121040,
92,8,10121041,
92,9,10121042,
92,10,10121043,
93,1,10121044,
93,2,10121045,
93,3,10121047,
93,4,10121048,
93,5,10121049,
93,6,10121050,
93,7,10121051,
93,8,10121053,
93,9,10121054,
93,10,10122001,
94,1,10122002,
94,2,10122003,
94,3,10122004,
94,4,10122005,
94,5,10122006,
94,6,10122007,
94,7,10122008,
94,8,10122009,
94,9,10122010,
94,10,10122011,
95,1,10122012,
95,2,10122013,
95,3,10122014,
95,4,10122015,
95,5,10122016,
95,6,10122017,
95,7,10122018,
95,8,10122019,
95,9,10122020,
95,10,10122021,
96,1,10122022,
96,2,10122023,
96,3,10122024,
96,4,10122025,
96,5,10122026,
96,6,10122027,
96,7,10122028,
96,8,10122029,
96,9,10122030,
96,10,10122031,
97,1,10122032,
97,2,10122033,
97,3,10122034,
97,4,10122035,
97,5,10122036,
97,6,10122037,
97,7,10122038,
97,8,10122039,
97,9,10122040,
97,10,10122041,
98,1,10122042,
98,2,10122043,
98,3,10122044,
98,4,10122045,
98,5,10122046,
98,6,10122047,
98,7,10122048,
98,8,10122049,
98,9,10122050,
98,10,10122051,
99,1,10122052,
99,2,10122053,
99,3,10122054,
99,4,10122055,
99,5,10122056,
99,6,10123001,
99,7,10123002,
99,8,10123004,
99,9,10123005,
99,10,10123006,
100,1,10123007,
100,2,10123008,
100,3,10123009,
100,4,10123010,
100,5,10123011,
100,6,10123013,
100,7,10123014,
100,8,10123015,
100,9,10123016,
100,10,10123017,
101,1,10123018,
101,2,10123019,
101,3,10123020,
101,4,10123022,
101,5,10123023,
101,6,10123024,
101,7,10123025,
101,8,10123026,
101,9,10123027,
101,10,10123028,
102,1,10123029,
102,2,10123030,
102,3,10123031,
102,4,10123032,
102,5,10123033,
102,6,10123034,
102,7,10123035,
102,8,10123036,
102,9,10123037,
102,10,10123038,
103,1,10123039,
103,2,10123040,
103,3,10123041,
103,4,10123042,
103,5,10123043,
103,6,10123044,
103,7,10123045,
103,8,10123046,
103,9,10123047,
103,10,10123048,
104,1,10123049,
104,2,10123050,
104,3,10123051,
104,4,10123052,
104,5,10123053,
104,6,10123054,
104,7,10123055,
104,8,10123056,
104,9,10123057,
104,10,10124001,
105,1,10124002,
105,2,10124003,
105,3,10124004,
105,4,10124005,
105,5,10124006,
105,6,10124007,
105,7,10124008,
105,8,10124009,
105,9,10124010,
105,10,10124011,
106,1,10124012,
106,2,10124013,
106,3,10124014,
106,4,10124015,
106,5,10124016,
106,6,10124017,
106,7,10124018,
106,8,10124019,
106,9,10124020,
106,10,10124021,
107,1,10124022,
107,2,10124023,
107,3,10124024,
107,4,10124025,
107,5,10124026,
107,6,10124027,
107,7,10124028,
107,8,10124029,
107,9,10124030,
107,10,10124031,
108,1,10124032,
108,2,10124033,
108,3,10124034,
108,4,10124035,
108,5,10124036,
108,6,10124037,
108,7,10124038,
108,8,10124039,
108,9,10124040,
108,10,10124041,
109,1,10124042,
109,2,10124043,
109,3,10124044,
109,4,10124045,
109,5,10124046,
109,6,10124047,
109,7,10124048,
109,8,10124049,
109,9,10124050,
109,10,10124051,
110,1,10125001,
110,2,10125002,
110,3,10125003,
110,4,10125004,
110,5,10125005,
110,6,10125006,
110,7,10125007,
110,8,10125008,
110,9,10125009,
110,10,10125010,
111,1,10125011,
111,2,10125012,
111,3,10125013,
111,4,10125014,
111,5,10125015,
111,6,10125016,
111,7,10125017,
111,8,10125018,
111,9,10125019,
111,10,10125020,
112,1,10125021,
112,2,10125022,
112,3,10125023,
112,4,10125024,
112,5,10125025,
112,6,10125026,
112,7,10125027,
112,8,10125028,
112,9,10125029,
112,10,10125030,
113,1,10125031,
113,2,10125032,
113,3,10125033,
113,4,10125034,
113,5,10125035,
113,6,10125036,
113,7,10125037,
113,8,99990162,
113,9,99990163,
113,10,99990164,
114,1,99990165,
114,2,99990166,
114,3,99990167,
114,4,99990168,
114,5,99990169,
114,6,10125044,
114,7,10125045,
114,8,10125046,
114,9,10125047,
114,10,10125048,
115,1,10125049,
115,2,10125050,
115,3,10125051,
115,4,99990170,
115,5,10126001,
115,6,10126002,
115,7,10126003,
115,8,10126004,
115,9,10126005,
115,10,10126006,
116,1,10126007,
116,2,10126008,
116,3,10126009,
116,4,10126010,
116,5,10126011,
116,6,10126012,
116,7,10126013,
116,8,10126014,
116,9,10126015,
116,10,10126016,
117,1,10126017,
117,2,10126018,
117,3,10126019,
117,4,10126020,
117,5,99990171,
117,6,99990172,
117,7,99990173,
117,8,99990174,
117,9,10126025,
117,10,10126026,
118,1,10126027,
118,2,10126028,
118,3,10126029,
118,4,10126030,
118,5,99990175,
118,6,99990176,
118,7,99990177,
118,8,99990178,
118,9,99990179,
118,10,99990180,
119,1,99990181,
119,2,99990182,
119,3,99990183,
119,4,99990184,
119,5,99990185,
119,6,99990186,
119,7,10126045,
119,8,10126046,
119,9,10126047,
119,10,10126048,
120,1,10126049,
120,2,10126050,
120,3,10126051,
120,4,10126052,
120,5,10126053,
120,6,10126054,
120,7,20001001,
120,8,20001002,
120,9,20001003,
120,10,20001004,
121,1,20001005,
121,2,20001006,
121,3,20001007,
121,4,20001008,
121,5,20001009,
121,6,20001010,
121,7,20001011,
121,8,20001012,
121,9,20001013,
121,10,20001014,
122,1,20001015,
122,2,20001016,
122,3,20001017,
122,4,20001018,
122,5,99990187,
122,6,99990188,
122,7,99990189,
122,8,99990190,
122,9,99990191,
122,10,99990192,
123,1,99990001,
123,2,99990002,
123,3,99990003,
123,4,99990004,
123,5,99990005,
123,6,99990006,
123,7,99990007,
123,8,99990008,
123,9,99990009,
123,10,99990010,
124,1,99990011,
124,2,99990012,
124,3,99990013,
124,4,99990014,
124,5,99990015,
124,6,99990016,
124,7,99990017,
124,8,99990018,
124,9,99990019,
124,10,99990020,
125,1,99990021,
125,2,99990022,
125,3,99990023,
125,4,99990024,
125,5,99990025,
125,6,99990026,
125,7,99990027,
125,8,99990028,
125,9,99990029,
125,10,99990030,
126,1,99990031,
126,2,99990032,
126,3,99990033,
126,4,99990034,
126,5,99990035,
126,6,99990036,
126,7,99990037,
126,8,99990038,
126,9,99990039,
126,10,99990040,
127,1,99990041,
127,2,99990042,
127,3,99990043,
127,4,99990044,
127,5,99990045,
127,6,99990046,
127,7,99990047,
127,8,99990048,
127,9,99990049,
127,10,99990050,
128,1,99990051,
128,2,99990052,
128,3,99990053,
128,4,99990054,
128,5,99990055,
128,6,99990056,
128,7,99990057,
128,8,99990058,
128,9,99990059,
128,10,99990060,
129,1,99990061,
129,2,99990062,
129,3,99990063,
129,4,99990064,
129,5,99990065,
129,6,99990066,
129,7,99990067,
129,8,99990068,
129,9,99990069,
129,10,99990070,
130,1,99990071,
130,2,99990072,
130,3,99990073,
130,4,99990074,
130,5,99990075,
130,6,99990076,
130,7,99990077,
130,8,99990078,
130,9,99990079,
130,10,99990080,
131,1,99990081,
131,2,99990082,
131,3,99990083,
131,4,99990084,
131,5,99990085,
131,6,99990086,
131,7,99990087,
131,8,99990088,
131,9,99990089,
131,10,99990090,
132,1,99990091,
132,2,99990092,
132,3,99990093,
132,4,99990094,
132,5,99990095,
132,6,99990096,
132,7,99990097,
132,8,99990098,
132,9,99990099,
132,10,99990100,
133,1,99990101,
133,2,99991146,
133,3,99991147,
133,4,99990102,
133,5,99990103,
133,6,99991148,
133,7,99991149,
133,8,99990104,
133,9,99990105,
133,10,99991150,
134,1,99991151,
134,2,99990106,
134,3,99990107,
134,4,99991152,
134,5,99991153,
134,6,99990108,
134,7,99990109,
134,8,99991154,
134,9,99991155,
134,10,99990110,
135,1,99990111,
135,2,99991156,
135,3,99991157,
135,4,99990112,
135,5,99990113,
135,6,99991158,
135,7,99991159,
135,8,99990114,
135,9,99990115,
135,10,99991160,
136,1,99991161,
136,2,99990116,
136,3,99990117,
136,4,99991162,
136,5,99991163,
136,6,99990118,
136,7,99990119,
136,8,99991164,
136,9,99991165,
136,10,99990120,
137,1,99990121,
137,2,99991166,
137,3,99991167,
137,4,99990122,
137,5,99990123,
137,6,99991168,
137,7,99991169,
137,8,99990124,
137,9,99990125,
137,10,99991170,
138,1,99991171,
138,2,99990126,
138,3,99990127,
138,4,99991172,
138,5,99991173,
138,6,99990128,
138,7,99990129,
138,8,99990130,
138,9,99990131,
138,10,99990132,
139,1,99990133,
139,2,99990134,
139,3,99990135,
139,4,99990136,
139,5,99990137,
139,6,99990138,
139,7,99990139,
139,8,99990140,
139,9,99990141,
139,10,99990142,
140,1,99990143,
140,2,99990144,
140,3,99990145,
140,4,99990146,
140,5,99990147,
140,6,99990148,
140,7,99990149,
140,8,99990150,
140,9,99990151,
140,10,99990152,
141,1,99990153,
141,2,99990154,
141,3,99990155,
141,4,99990156,
141,5,99990157,
141,6,99990158,
141,7,99990159,
141,8,99990160,
141,9,99990161,
141,10,99990211,
142,1,99990212,
142,2,99990213,
142,3,99990214,
142,4,99990215,
142,5,99990216,
142,6,99990217,
142,7,99990218,
142,8,99990219,
142,9,99990220,
142,10,10127001,
143,1,10127002,
143,2,10127003,
143,3,10127004,
143,4,10127005,
143,5,10127006,
143,6,10127007,
143,7,10127008,
143,8,10127009,
143,9,10127010,
143,10,10127011,
144,1,10127012,
144,2,10127013,
144,3,10127014,
144,4,10127015,
144,5,10127016,
144,6,10127017,
144,7,10127018,
144,8,10127019,
144,9,10127020,
144,10,10127021,
145,1,10127022,
145,2,10127023,
145,3,10127024,
145,4,10127025,
145,5,10127026,
145,6,10127027,
145,7,10127028,
145,8,10127029,
145,9,10127030,
145,10,10127031,
146,1,10127032,
146,2,10127033,
146,3,10127034,
146,4,10127035,
146,5,10127036,
146,6,10127037,
146,7,10127038,
146,8,10127039,
146,9,10127040,
146,10,10127041,
147,1,10127042,
147,2,10127043,
147,3,10127044,
147,4,10127045,
147,5,10127046,
147,6,10127047,
147,7,10127048,
147,8,99980001,
147,9,99980002,
147,10,99980071,
148,1,99980072,
148,2,99980003,
148,3,99980004,
148,4,99980073,
148,5,99980074,
148,6,99980005,
148,7,99980006,
148,8,99980075,
148,9,99980076,
148,10,99980007,
149,1,99980008,
149,2,99980077,
149,3,99980078,
149,4,99980009,
149,5,99980010,
149,6,99980079,
149,7,99980080,
149,8,99980011,
149,9,99980012,
149,10,99980081,
150,1,99980082,
150,2,99980013,
150,3,99980014,
150,4,99980083,
150,5,99980084,
150,6,99980015,
150,7,99980016,
150,8,99980085,
150,9,99980086,
150,10,99980017,
151,1,99980018,
151,2,99980087,
151,3,99980088,
151,4,99980019,
151,5,99980020,
151,6,99980089,
151,7,99980090,
151,8,99980021,
151,9,99980022,
151,10,99980091,
152,1,99980092,
152,2,99980023,
152,3,99980024,
152,4,99980093,
152,5,99980094,
152,6,99980025,
152,7,99980026,
152,8,99980095,
152,9,99980096,
152,10,99980027,
153,1,99980028,
153,2,99980097,
153,3,99980098,
153,4,99980029,
153,5,99980030,
153,6,99980099,
153,7,99980100,
153,8,99980031,
153,9,99980032,
153,10,99980101,
154,1,99980102,
154,2,99980033,
154,3,99980034,
154,4,99980035,
154,5,99980036,
154,6,99980037,
154,7,99980038,
154,8,99980039,
154,9,99980040,
154,10,99980041,
155,1,99980042,
155,2,99980043,
155,3,99980044,
155,4,99980045,
155,5,99980046,
155,6,99980047,
155,7,99980048,
155,8,99980049,
155,9,99980050,
155,10,99980051,
156,1,99980052,
156,2,99980053,
156,3,99980054,
156,4,99980055,
156,5,99980056,
156,6,99980057,
156,7,99980058,
156,8,99980059,
156,9,99980060,
156,10,99980061,
157,1,10128001,
157,2,10128002,
157,3,10128003,
157,4,10128004,
157,5,10128005,
157,6,10128006,
157,7,10128007,
157,8,10128008,
157,9,10128009,
157,10,10128010,
158,1,10128011,
158,2,10128012,
158,3,10128013,
158,4,10128014,
158,5,10128015,
158,6,10128016,
158,7,10128017,
158,8,10128018,
158,9,10128019,
158,10,10128020,
159,1,10128021,
159,2,10128022,
159,3,10128023,
159,4,10128024,
159,5,10128025,
159,6,10128026,
159,7,10128027,
159,8,10128028,
159,9,10128029,
159,10,10128030,
160,1,10128031,
160,2,10128032,
160,3,10128033,
160,4,10128034,
160,5,10128035,
160,6,10128036,
160,7,10128037,
160,8,10128038,
160,9,10128039,
160,10,10128040,
161,1,10128041,
161,2,10128042,
161,3,10128043,
161,4,10128044,
161,5,10128045,
161,6,10128046,
161,7,10128047,
161,8,10128048,
161,9,10128049,
161,10,10128050,
162,1,10128051,
162,2,10128052,
162,3,10129001,
162,4,10129002,
162,5,10129003,
162,6,10129004,
162,7,10129005,
162,8,10129006,
162,9,10129007,
162,10,10129008,
163,1,10129009,
163,2,10129010,
163,3,10129011,
163,4,10129012,
163,5,10129013,
163,6,10129014,
163,7,10129015,
163,8,10129016,
163,9,10129017,
163,10,10129018,
164,1,10129019,
164,2,10129020,
164,3,10129021,
164,4,10129022,
164,5,10129023,
164,6,10129024,
164,7,10129025,
164,8,10129026,
164,9,10129027,
164,10,10129028,
165,1,10129029,
165,2,10129030,
165,3,10129031,
165,4,10129032,
165,5,10129033,
165,6,10129034,
165,7,10129035,
165,8,10129036,
165,9,10129037,
165,10,10129038,
166,1,10129039,
166,2,10129040,
166,3,10129041,
166,4,10129042,
166,5,10129043,
166,6,10129044,
166,7,10129045,
166,8,10129046,
166,9,10129047,
166,10,10129048,
167,1,10130001,
167,2,10130002,
167,3,10130003,
167,4,10130004,
167,5,10130005,
167,6,10130006,
167,7,10130007,
167,8,10130008,
167,9,10130009,
167,10,10130010,
168,1,10130011,
168,2,10130012,
168,3,10130013,
168,4,10130014,
168,5,10130015,
168,6,10130016,
168,7,10130017,
168,8,10130018,
168,9,10130019,
168,10,10130020,
169,1,10130021,
169,2,10130022,
169,3,10130023,
169,4,10130024,
169,5,10130025,
169,6,10130026,
169,7,10130027,
169,8,10130028,
169,9,10130029,
169,10,10130030,
170,1,10130031,
170,2,10130032,
170,3,10130033,
170,4,10130034,
170,5,10130039,
170,6,10130040,
170,7,10130049,
170,8,10130050,
170,9,10130051,
170,10,10130052,
171,1,10131001,
171,2,10131002,
171,3,10131003,
171,4,10131004,
171,5,10131005,
171,6,10131006,
171,7,10131007,
171,8,10131008,
171,9,10131009,
171,10,10131010,
172,1,10131011,
172,2,10131012,
172,3,10131013,
172,4,10131014,
172,5,10131015,
172,6,10131016,
172,7,10131017,
172,8,10131018,
172,9,10131019,
172,10,10131020,
173,1,10131021,
173,2,10131022,
173,3,10131023,
173,4,10131024,
173,5,10131025,
173,6,10131026,
173,7,10131027,
173,8,10131028,
173,9,10131029,
173,10,10131030,
174,1,10131031,
174,2,10131032,
174,3,10131033,
174,4,10131034,
174,5,10131035,
174,6,10131036,
174,7,10131037,
174,8,10131038,
174,9,10131039,
174,10,10131040,
175,1,10131041,
175,2,10131042,
175,3,10131043,
175,4,10131044,
175,5,10131045,
175,6,10131046,
175,7,10131047,
175,8,10132001,
175,9,10132002,
175,10,10132003,
176,1,10132004,
176,2,10132005,
176,3,10132006,
176,4,10132007,
176,5,10132008,
176,6,10132009,
176,7,10132010,
176,8,10132011,
176,9,10132012,
176,10,10132013,
177,1,10132014,
177,2,10132015,
177,3,10132016,
177,4,10132017,
177,5,10132018,
177,6,10132019,
177,7,10132020,
177,8,10132021,
177,9,10132022,
177,10,10132023,
178,1,10132024,
178,2,10132025,
178,3,10132026,
178,4,10132027,
178,5,10132028,
178,6,10132029,
178,7,10132030,
178,8,10132031,
178,9,10132032,
178,10,10132033,
179,1,10132034,
179,2,10132035,
179,3,10132036,
179,4,10132037,
179,5,10132038,
179,6,10132039,
179,7,10132040,
179,8,10132041,
179,9,10132042,
179,10,10132043,
180,1,10132044,
180,2,10132045,
180,3,10132046,
180,4,10132047,
180,5,10132048,
180,6,10133001,
180,7,10133002,
180,8,10133003,
180,9,10133004,
180,10,10133005,
181,1,10133006,
181,2,10133007,
181,3,10133008,
181,4,10133009,
181,5,10133010,
181,6,10133011,
181,7,10133012,
181,8,10133013,
181,9,10133014,
181,10,10133015,
182,1,10133016,
182,2,10133017,
182,3,10133018,
182,4,10133019,
182,5,10133020,
182,6,10133021,
182,7,10133022,
182,8,10133023,
182,9,10133024,
182,10,10133025,
183,1,10133026,
183,2,10133027,
183,3,10133028,
183,4,10133029,
183,5,10133030,
183,6,10133031,
183,7,10133032,
183,8,10133033,
183,9,10133034,
183,10,10133035,
184,1,10133036,
184,2,10133037,
184,3,10133038,
184,4,10133039,
184,5,10133040,
184,6,10133041,
184,7,10133042,
184,8,10133043,
184,9,10133044,
184,10,10133045,
185,1,10133046,
185,2,10133047,
185,3,10133048,
185,4,10133049,
185,5,10133050,
185,6,10133051,
185,7,10134001,
185,8,10134002,
185,9,10134003,
185,10,10134004,
186,1,10134007,
186,2,10134008,
186,3,10134009,
186,4,10134010,
186,5,10134011,
186,6,10134012,
186,7,10134013,
186,8,10134014,
186,9,10134015,
186,10,10134016,
187,1,10134017,
187,2,10134018,
187,3,10134019,
187,4,10134020,
187,5,10134021,
187,6,10134022,
187,7,10134023,
187,8,10134024,
187,9,10134025,
187,10,10134026,
188,1,10134027,
188,2,10134028,
188,3,10134029,
188,4,10134030,
188,5,10134031,
188,6,10134032,
188,7,10134033,
188,8,10134034,
188,9,10134035,
188,10,10134036,
189,1,10134037,
189,2,10134038,
189,3,10134039,
189,4,10134040,
189,5,10134041,
189,6,10134042,
189,7,10134043,
189,8,10134046,
189,9,10134047,
189,10,10134066,
190,1,10134048,
190,2,10134049,
190,3,10134058,
190,4,10134061,
190,5,10134062,
190,6,10134063,
190,7,10134064,
190,8,10134065,
190,9,10134050,
190,10,10134051,
191,1,10134052,
191,2,10134053,
191,3,10134054,
191,4,10134055,
191,5,10134056,
191,6,10134057,
191,7,10135001,
191,8,10135002,
191,9,10135003,
191,10,10135004,
192,1,10135005,
192,2,10135006,
192,3,10135007,
192,4,10135008,
192,5,10135009,
192,6,10135010,
192,7,10135011,
192,8,10135012,
192,9,10135013,
192,10,10135014,
193,1,10135015,
193,2,10135016,
193,3,10135017,
193,4,10135018,
193,5,10135019,
193,6,10135020,
193,7,10135021,
193,8,10135022,
193,9,10135023,
193,10,10135024,
194,1,10135025,
194,2,10135026,
194,3,10135027,
194,4,10135028,
194,5,10135029,
194,6,10135030,
194,7,10135031,
194,8,10135032,
194,9,10135033,
194,10,10135034,
195,1,10135035,
195,2,10135036,
195,3,10135037,
195,4,10135038,
195,5,10135039,
195,6,10135040,
195,7,10135041,
195,8,10135042,
195,9,10135043,
195,10,10135044,
196,1,10135045,
196,2,10135046,
196,3,10135047,
196,4,10135048,
196,5,10135049,
196,6,10135050,
196,7,10135051,
196,8,10135052,
196,9,10135053,
196,10,10135054,
197,1,10135055,
197,2,10136041,
197,3,10136042,
197,4,10136043,
197,5,10136044,
197,6,10136045,
197,7,10136046,
197,8,10136047,
197,9,10136048,
197,10,10136049,
198,1,10136050,
198,2,10136051,
198,3,10136052,
198,4,10136053,
198,5,10136001,
198,6,10136002,
198,7,10136003,
198,8,10136004,
198,9,10136005,
198,10,10136006,
199,1,10136007,
199,2,10136008,
199,3,10136009,
199,4,10136010,
199,5,10136011,
199,6,10136012,
199,7,10136013,
199,8,10136014,
199,9,10136015,
199,10,10136016,
200,1,10136017,
200,2,10136018,
200,3,10136019,
200,4,10136020,
200,5,10136021,
200,6,10136022,
200,7,10136023,
200,8,10136024,
200,9,10136025,
200,10,10136026,
201,1,10136027,
201,2,10136028,
201,3,10136029,
201,4,10136030,
201,5,10136031,
201,6,10136032,
201,7,10136033,
201,8,10136034,
201,9,10136035,
201,10,10136036,
202,1,10136037,
202,2,10136038,
202,3,10136039,
202,4,10136040,
202,5,10137001,
202,6,10137002,
202,7,10137003,
202,8,10137004,
202,9,10137005,
202,10,10137006,
203,1,10137007,
203,2,10137008,
203,3,10137009,
203,4,10137010,
203,5,10137011,
203,6,10137012,
203,7,10137013,
203,8,10137014,
203,9,10137015,
203,10,10137016,
204,1,10137017,
204,2,10137018,
204,3,10137019,
204,4,10137020,
204,5,10137021,
204,6,10137022,
204,7,10137023,
204,8,10137024,
204,9,10137025,
204,10,10137026,
205,1,10137027,
205,2,10137028,
205,3,10137029,
205,4,10137030,
205,5,10137031,
205,6,10137032,
205,7,10137033,
205,8,10137034,
205,9,10137035,
205,10,10137036,
206,1,10137037,
206,2,10137038,
206,3,10137039,
206,4,10137040,
206,5,10137041,
206,6,10137042,
206,7,10137043,
206,8,10137044,
206,9,10137045,
206,10,10137046,
207,1,10137047,
207,2,10137048,
207,3,10137049,
207,4,10137050,
207,5,10137051,
207,6,10137052,
207,7,10137053,
207,8,10137062,
207,9,10137063,
207,10,10137064,
208,1,10137054,
208,2,10137055,
208,3,10137056,
208,4,10137057,
208,5,10137058,
208,6,10137059,
208,7,10137060,
208,8,10137061,
208,9,10139001,
208,10,10139002,
209,1,10139003,
209,2,10139004,
209,3,10139005,
209,4,10139006,
209,5,10139007,
209,6,10139008,
209,7,10139009,
209,8,10139010,
209,9,10139011,
209,10,10139012,
210,1,10139013,
210,2,10139014,
210,3,10139015,
210,4,10139016,
210,5,10139017,
210,6,10139018,
210,7,10139019,
210,8,10139020,
210,9,10139021,
210,10,10139022,
211,1,10139023,
211,2,10139024,
211,3,10139025,
211,4,10139026,
211,5,10139027,
211,6,10139028,
211,7,10139029,
211,8,10139030,
211,9,10139031,
211,10,10139032,
212,1,10139033,
212,2,10139034,
212,3,10139035,
212,4,10139036,
212,5,10139037,
212,6,10139038,
212,7,10139039,
212,8,10139040,
212,9,10139041,
212,10,10139042,
213,1,10139043,
213,2,10139044,
213,3,10139045,
213,4,10139046,
213,5,10139047,
213,6,10139048,
213,7,10139049,
213,8,10139050,
213,9,10139051,
213,10,10139052,
214,1,10139053,
214,2,99970001,
214,3,99970002,
214,4,99970045,
214,5,99970046,
214,6,99970003,
214,7,99970004,
214,8,99970047,
214,9,99970048,
214,10,99970005,
215,1,99970006,
215,2,99970049,
215,3,99970050,
215,4,99970007,
215,5,99970008,
215,6,99970051,
215,7,99970052,
215,8,99970009,
215,9,99970010,
215,10,99970053,
216,1,99970054,
216,2,99970011,
216,3,99970012,
216,4,99970055,
216,5,99970056,
216,6,99970013,
216,7,99970014,
216,8,99970057,
216,9,99970058,
216,10,99970015,
217,1,99970016,
217,2,99970059,
217,3,99970060,
217,4,99970017,
217,5,99970018,
217,6,99970019,
217,7,99970020,
217,8,99970021,
217,9,99970022,
217,10,99970023,
218,1,99970024,
218,2,99970025,
218,3,99970026,
218,4,99970027,
218,5,99970028,
218,6,99970029,
218,7,99970030,
218,8,99970031,
218,9,99970032,
218,10,99970033,
219,1,99970034,
219,2,99970035,
219,3,99970036,
219,4,99970037,
219,5,99970038,
219,6,99970039,
219,7,99970040,
219,8,99970041,
219,9,99970042,
219,10,99970043,
220,1,99970044,
220,2,10140001,
220,3,10140002,
220,4,10140003,
220,5,10140004,
220,6,10140005,
220,7,10140006,
220,8,10140007,
220,9,10140008,
220,10,10140009,
221,1,10140010,
221,2,10140011,
221,3,10140012,
221,4,10140013,
221,5,10140014,
221,6,10140015,
221,7,10140016,
221,8,10140017,
221,9,10140018,
221,10,10140019,
222,1,10140020,
222,2,10140021,
222,3,10140022,
222,4,10140023,
222,5,10140024,
222,6,10140025,
222,7,10140026,
222,8,10140027,
222,9,10140028,
222,10,10140029,
223,1,10140030,
223,2,10140031,
223,3,10140032,
223,4,10140033,
223,5,10140034,
223,6,10140035,
223,7,10140036,
223,8,10140037,
223,9,10140038,
223,10,10140039,
224,1,10140040,
224,2,10140041,
224,3,10140042,
224,4,10140043,
224,5,10140044,
224,6,10140045,
224,7,10140046,
224,8,10140047,
224,9,10140048,
224,10,10140049,
225,1,10140050,
225,2,10140051,
225,3,10140052,
225,4,10140053,
225,5,10140054,
225,6,10140055,
225,7,10140056,
225,8,10141001,
225,9,10141002,
225,10,10141003,
226,1,10141004,
226,2,10141005,
226,3,10141006,
226,4,10141007,
226,5,10141008,
226,6,10141009,
226,7,10141010,
226,8,10141011,
226,9,10141012,
226,10,10141013,
227,1,10141014,
227,2,10141015,
227,3,10141016,
227,4,10141017,
227,5,10141018,
227,6,10141019,
227,7,10141020,
227,8,10141021,
227,9,10141022,
227,10,10141023,
228,1,10141024,
228,2,10141025,
228,3,10141026,
228,4,10141027,
228,5,10141028,
228,6,10141029,
228,7,10141030,
228,8,10141031,
228,9,10141032,
228,10,10141033,
229,1,10141034,
229,2,10141035,
229,3,10141036,
229,4,10141037,
229,5,10141038,
229,6,10141039,
229,7,10141040,
229,8,10141041,
229,9,10141042,
229,10,10141043,
230,1,10141044,
230,2,10141045,
230,3,10141046,
230,4,10141047,
230,5,10142001,
230,6,10142002,
230,7,10142003,
230,8,10142004,
230,9,10142005,
230,10,10142006,
231,1,10142007,
231,2,10142008,
231,3,10142009,
231,4,10142010,
231,5,10142011,
231,6,10142012,
231,7,10142013,
231,8,10142014,
231,9,10142015,
231,10,10142016,
232,1,10142017,
232,2,10142018,
232,3,10142019,
232,4,10142020,
232,5,10142021,
232,6,10142022,
232,7,10142023,
232,8,10142024,
232,9,10142025,
232,10,10142026,
233,1,10142027,
233,2,10142028,
233,3,10142029,
233,4,10142030,
233,5,10142031,
233,6,10142032,
233,7,10142047,
233,8,10142048,
233,9,10142035,
233,10,10142036,
234,1,10142037,
234,2,10142038,
234,3,10142039,
234,4,10142040,
234,5,10142041,
234,6,10142042,
234,7,10142043,
234,8,10142044,
234,9,10142045,
234,10,10142046,
235,1,99960001,
235,2,99960002,
235,3,99960003,
235,4,99960004,
235,5,99960005,
235,6,99960006,
235,7,99960007,
235,8,99960008,
235,9,99960009,
235,10,99960010,
236,1,99960011,
236,2,99960012,
236,3,99960013,
236,4,99960014,
236,5,99960015,
236,6,99960016,
236,7,99960017,
236,8,99960018,
236,9,99960019,
236,10,99960020,
237,1,99960021,
237,2,99960022,
237,3,99960023,
237,4,99960024,
237,5,99960025,
237,6,99960026,
237,7,99960027,
237,8,99960028,
237,9,99960029,
237,10,99960030,
238,1,99960031,
238,2,99960032,
238,3,99960033,
238,4,99960034,
238,5,99960035,
238,6,99960036,
238,7,99960037,
238,8,99960038,
238,9,10143001,
238,10,10143002,
239,1,10143003,
239,2,10143004,
239,3,10143005,
239,4,10143006,
239,5,10143007,
239,6,10143008,
239,7,10143009,
239,8,10143010,
239,9,10143011,
239,10,10143012,
240,1,10143013,
240,2,10143014,
240,3,10143015,
240,4,10143016,
240,5,10143017,
240,6,10143018,
240,7,10143019,
240,8,10143020,
240,9,10143021,
240,10,10143022,
241,1,10143023,
241,2,10143024,
241,3,10143025,
241,4,10143026,
241,5,10143072,
241,6,10143073,
241,7,10143029,
241,8,10143030,
241,9,10143031,
241,10,10143032,
242,1,10143033,
242,2,10143034,
242,3,10143027,
242,4,10143028,
242,5,10143035,
242,6,10143036,
242,7,10143037,
242,8,10143038,
242,9,10143039,
242,10,10143040,
243,1,10143057,
243,2,10143058,
243,3,10143059,
243,4,10143060,
243,5,10143061,
243,6,10143062,
243,7,10143063,
243,8,10143064,
243,9,10143068,
243,10,10143069,
244,1,10143070,
244,2,10143071,
244,3,10143049,
244,4,10143050,
244,5,10143051,
244,6,10143052,
244,7,10143053,
244,8,10143054,
244,9,10143055,
244,10,10143056,
245,1,10143076,
245,2,10143077,
245,3,10144001,
245,4,10144002,
245,5,10144003,
245,6,10144004,
245,7,10144005,
245,8,10144006,
245,9,10144007,
245,10,10144008,
246,1,10144009,
246,2,10144010,
246,3,10144011,
246,4,10144012,
246,5,10144013,
246,6,10144014,
246,7,10144015,
246,8,10144016,
246,9,10144017,
246,10,10144018,
247,1,10144019,
247,2,10144020,
247,3,10144021,
247,4,10144022,
247,5,10144023,
247,6,10144024,
247,7,10144025,
247,8,10144026,
247,9,10144027,
247,10,10144028,
248,1,10144029,
248,2,10144030,
248,3,10144031,
248,4,10144032,
248,5,10144033,
248,6,10144034,
248,7,10144035,
248,8,10144036,
248,9,10144037,
248,10,10144038,
249,1,10144039,
249,2,10144040,
249,3,10144041,
249,4,10144042,
249,5,10144043,
249,6,10144044,
249,7,10144045,
249,8,10144046,
249,9,10144047,
249,10,10144048,
250,1,10144049,
250,2,10144050,
250,3,10145001,
250,4,10145002,
250,5,10145003,
250,6,10145004,
250,7,10145005,
250,8,10145006,
250,9,10145007,
250,10,10145008,
251,1,10145009,
251,2,10145010,
251,3,10145011,
251,4,10145012,
251,5,10145013,
251,6,10145014,
251,7,10145015,
251,8,10145016,
251,9,10145017,
251,10,10145018,
252,1,10145019,
252,2,10145020,
252,3,10145021,
252,4,10145022,
252,5,10145023,
252,6,10145024,
252,7,10145025,
252,8,10145026,
252,9,10145027,
252,10,10145028,
253,1,10145034,
253,2,10145035,
253,3,10145036,
253,4,10145037,
253,5,10145038,
253,6,10145039,
253,7,10145040,
253,8,10145041,
253,9,10145042,
253,10,10145043,
254,1,10145044,
254,2,10145045,
254,3,10145046,
254,4,10145047,
254,5,10145048,
254,6,10145049,
254,7,10145050,
254,8,10145051,
254,9,10145052,
254,10,10145053,
255,1,10145070,
255,2,10145054,
255,3,10145055,
255,4,10145056,
255,5,10145057,
255,6,10145058,
255,7,10145059,
255,8,10145060,
255,9,10145061,
255,10,10146006,
256,1,10146007,
256,2,10146008,
256,3,10146009,
256,4,10146010,
256,5,10146011,
256,6,10146012,
256,7,10146013,
256,8,10146014,
256,9,10146015,
256,10,10146016,
257,1,10146017,
257,2,10146018,
257,3,10146019,
257,4,10146020,
257,5,10146021,
257,6,10146022,
257,7,10146023,
257,8,10146024,
257,9,10146025,
257,10,10146026,
258,1,10146027,
258,2,10146028,
258,3,10146029,
258,4,10146030,
258,5,10146036,
258,6,10146037,
258,7,10146038,
258,8,10146039,
258,9,10146040,
258,10,10146041,
259,1,10146042,
259,2,10146043,
259,3,10146044,
259,4,10146045,
259,5,10146046,
259,6,10146047,
259,7,10146048,
259,8,10146049,
259,9,10146050,
259,10,10146051,
260,1,10147001,
260,2,10147002,
260,3,10147003,
260,4,10147004,
260,5,10147005,
260,6,10147006,
260,7,10147007,
260,8,10147008,
260,9,10147009,
260,10,10147010,
261,1,10147011,
261,2,10147012,
261,3,10147013,
261,4,10147014,
261,5,10147015,
261,6,10147016,
261,7,10147017,
261,8,10147018,
261,9,10147019,
261,10,10147020,
262,1,10147021,
262,2,10147022,
262,3,10147023,
262,4,10147024,
262,5,10147025,
262,6,10147026,
262,7,10147027,
262,8,10147028,
262,9,10147029,
262,10,10147030,
263,1,10147031,
263,2,10147032,
263,3,10147033,
263,4,10147034,
263,5,10147035,
263,6,10147036,
263,7,10147037,
263,8,10147038,
263,9,10147039,
263,10,10147040,
264,1,10147041,
264,2,10147042,
264,3,10147043,
264,4,10147044,
264,5,10147045,
264,6,10147046,
264,7,10147047,
264,8,10147048,
264,9,10147049,
264,10,10147050,
265,1,10147051,
265,2,10147052,
265,3,10147053,
265,4,10147054,
265,5,10147055,
265,6,10147056,
265,7,10147057,
265,8,10147058,
265,9,10147059,
265,10,10147060,
266,1,10147061,
266,2,10147064,
266,3,10147065,
266,4,10147066,
266,5,10147067,
266,6,10147068,
266,7,10147069,
266,8,10147070,
266,9,10147071,
266,10,10147072,
267,1,10147073,
267,2,10147074,
267,3,10147075,
267,4,10147076,
267,5,10147077,
267,6,10147078,
267,7,10147079,
267,8,10147080,
267,9,10147081,
267,10,10147082,
268,1,10147083,
268,2,10147084,
268,3,10147085,
268,4,10147086,
268,5,10147087,
268,6,10147062,
268,7,10147063,
268,8,10148001,
268,9,10148002,
268,10,10148003,
269,1,10148004,
269,2,10148005,
269,3,10148006,
269,4,10148007,
269,5,10148008,
269,6,10148009,
269,7,10148010,
269,8,10148011,
269,9,10148012,
269,10,10148013,
270,1,10148014,
270,2,10148015,
270,3,10148016,
270,4,10148017,
270,5,10148018,
270,6,10148019,
270,7,10148020,
270,8,10148021,
270,9,10148022,
270,10,10148023,
271,1,10148024,
271,2,10148025,
271,3,10148026,
271,4,10148027,
271,5,10148028,
271,6,10148029,
271,7,10148030,
271,8,10148052,
271,9,10148053,
271,10,10148054,
272,1,10148055,
272,2,10148056,
272,3,10148057,
272,4,10148058,
272,5,10148059,
272,6,10148044,
272,7,10148045,
272,8,10148046,
272,9,10148047,
272,10,10148048,
273,1,10148049,
273,2,10148050,
273,3,10148051,
273,4,10148060,
273,5,10148061,
273,6,10148031,
273,7,10148032,
273,8,10148033,
273,9,10148034,
273,10,10148035,
274,1,99961001,
274,2,99961002,
274,3,99961013,
274,4,99961014,
274,5,99961003,
274,6,99961004,
274,7,99961015,
274,8,99961016,
274,9,99961005,
274,10,99961006,
275,1,99961017,
275,2,99961018,
275,3,99961007,
275,4,99961008,
275,5,99961019,
275,6,99961020,
275,7,99961009,
275,8,99961010,
275,9,99961011,
275,10,99961012,
276,1,10149001,
276,2,10149002,
276,3,10149003,
276,4,10149004,
276,5,10149005,
276,6,10149006,
276,7,10149007,
276,8,10149008,
276,9,10149009,
276,10,10149010,
277,1,10149011,
277,2,10149012,
277,3,10149013,
277,4,10149014,
277,5,10149015,
277,6,10149016,
277,7,10149017,
277,8,10149018,
277,9,10149019,
277,10,10149020,
278,1,10149021,
278,2,10149022,
278,3,10149023,
278,4,10149024,
278,5,10149025,
278,6,10149026,
278,7,10149027,
278,8,10149028,
278,9,10149029,
278,10,10149030,
279,1,10149031,
279,2,10149032,
279,3,10149033,
279,4,10149034,
279,5,10149035,
279,6,10149036,
279,7,10149037,
279,8,10149038,
279,9,10149039,
279,10,10149053,
280,1,10149054,
280,2,10149045,
280,3,10149046,
280,4,10149047,
280,5,10149048,
280,6,10149049,
280,7,10149050,
280,8,10149051,
280,9,10149052,
280,10,10150001,
281,1,10150002,
281,2,10150006,
281,3,10150007,
281,4,10150011,
281,5,10150012,
281,6,10150016,
281,7,10150017,
281,8,10150041,
281,9,10150042,
281,10,10150043,
282,1,10150044,
282,2,10150045,
282,3,10150046,
282,4,10150047,
282,5,10150048,
282,6,10150049,
282,7,10150050,
282,8,10150051,
282,9,10150052,
282,10,10150053,
283,1,10150054,
283,2,10150055,
283,3,10150056,
283,4,10150057,
283,5,10150058,
283,6,10150059,
283,7,10150060,
283,8,10150061,
283,9,10150062,
283,10,10150072,
284,1,10150073,
284,2,10150021,
284,3,10150022,
284,4,10150023,
284,5,10150024,
284,6,10150026,
284,7,10150027,
284,8,10150028,
284,9,10150029,
284,10,10150031,
285,1,10150032,
285,2,10150033,
285,3,10150034,
285,4,10150036,
285,5,10150037,
285,6,10150038,
285,7,10150039,
285,8,10150101,
285,9,10150102,
285,10,10150103,
286,1,10150104,
286,2,10150105,
286,3,10150106,
286,4,10150107,
286,5,10150108,
286,6,10150109,
286,7,10150110,
286,8,10150111,
286,9,10150112,
286,10,10150113,
287,1,99962001,
287,2,99962002,
287,3,99962003,
287,4,99962004,
287,5,99962005,
287,6,99962006,
287,7,99962007,
287,8,99962008,
287,9,99962009,
287,10,99962010,
288,1,99962011,
288,2,99962012,
288,3,99962013,
288,4,99962014,
288,5,99962015,
288,6,99962016,
288,7,99962017,
288,8,99962018,
288,9,99962019,
288,10,99962047,
289,1,99962020,
289,2,99962021,
289,3,99962022,
289,4,99962048,
289,5,99962023,
289,6,99962024,
289,7,99962025,
289,8,99962049,
289,9,99962026,
289,10,99962027,
290,1,99962028,
290,2,99962050,
290,3,99962029,
290,4,99962030,
290,5,99962031,
290,6,99962032,
290,7,99962033,
290,8,99962034,
290,9,99962035,
290,10,99962036,
291,1,99962037,
291,2,99962038,
291,3,99962039,
291,4,99962040,
291,5,99962041,
291,6,99962042,
291,7,99962043,
291,8,99962044,
291,9,99962045,
291,10,99962046,
292,1,10151301,
292,2,10151302,
292,3,10151303,
292,4,10151304,
292,5,10151305,
292,6,10151306,
292,7,10151307,
292,8,10151308,
292,9,10151309,
292,10,10151310,
293,1,10151311,
293,2,10151312,
293,3,10151313,
293,4,10151314,
293,5,10151315,
293,6,10151316,
293,7,10152001,
293,8,10152002,
293,9,10152003,
293,10,10152004,
294,1,10152005,
294,2,10152006,
294,3,10152007,
294,4,10152008,
294,5,10152009,
294,6,10152010,
294,7,10152011,
294,8,10152012,
294,9,10152013,
294,10,10152014,
295,1,10152015,
295,2,10152016,
295,3,10152017,
295,4,10152018,
295,5,10152019,
295,6,10152020,
295,7,10152021,
295,8,10152022,
295,9,10152023,
295,10,10152024,
296,1,10152025,
296,2,10152026,
296,3,10152027,
296,4,10152028,
296,5,10152029,
296,6,10152030,
296,7,10152031,
296,8,10152032,
296,9,10152033,
296,10,10152034,
297,1,10152035,
297,2,10152036,
297,3,10152037,
297,4,10152038,
297,5,10152039,
297,6,10152040,
297,7,10152041,
297,8,10152042,
297,9,10152043,
297,10,10152044,
298,1,10152045,
298,2,10152046,
298,3,10152047,
298,4,10152048,
298,5,10153001,
298,6,10153002,
298,7,10153003,
298,8,10153004,
298,9,10153005,
298,10,10153006,
299,1,10153007,
299,2,10153008,
299,3,10153009,
299,4,10153010,
299,5,10153011,
299,6,10153012,
299,7,10153013,
299,8,10153014,
299,9,10153015,
299,10,10153016,
300,1,10153033,
300,2,10153034,
300,3,10153035,
300,4,10153036,
300,5,10153037,
300,6,10153038,
300,7,10153039,
300,8,10153040,
300,9,10153041,
300,10,10153042,
301,1,10153043,
301,2,10153044,
301,3,10153045,
301,4,10153046,
301,5,10153047,
301,6,10153048,
301,7,10153017,
301,8,10153018,
301,9,10153019,
301,10,10153020,
302,1,10153021,
302,2,10153022,
302,3,10153023,
302,4,10153024,
302,5,10153025,
302,6,10153026,
302,7,10153027,
302,8,10153028,
302,9,10153029,
302,10,10153030,
303,1,10153031,
303,2,10153032,
303,3,10153053,
303,4,10153054,
303,5,10153055,
303,6,10153056,
303,7,10153057,
303,8,10153058,
303,9,10153059,
303,10,10153060,
304,1,10153061,
304,2,10153062,
304,3,10153063,
304,4,10153064,
304,5,10153065,
304,6,10153066,
304,7,10153067,
304,8,10153068,
304,9,10154033,
304,10,10154034,
305,1,10154035,
305,2,10154036,
305,3,10154037,
305,4,10154038,
305,5,10154039,
305,6,10154040,
305,7,10154041,
305,8,10154042,
305,9,10154043,
305,10,10154044,
306,1,10154045,
306,2,10154046,
306,3,10154047,
306,4,10154048,
306,5,10154069,
306,6,10154070,
306,7,10154071,
306,8,10154072,
306,9,10154073,
306,10,10154074,
307,1,10154075,
307,2,10154076,
307,3,10154077,
307,4,10154078,
307,5,10154079,
307,6,10154080,
307,7,10154081,
307,8,10154082,
307,9,10154083,
307,10,10154084,
308,1,10155053,
308,2,10155054,
308,3,10155055,
308,4,10155056,
308,5,10155057,
308,6,10155058,
308,7,10155059,
308,8,10155060,
308,9,10155061,
308,10,10155062,
309,1,10155063,
309,2,10155064,
309,3,10155065,
309,4,10155066,
309,5,10155067,
309,6,10155068,
309,7,10155017,
309,8,10155018,
309,9,10155019,
309,10,10155020,
310,1,10155021,
310,2,10155022,
310,3,10155023,
310,4,10155024,
310,5,10155025,
310,6,10155026,
310,7,10155027,
310,8,10155028,
310,9,10155029,
310,10,10155030,
311,1,10155031,
311,2,10155032,
311,3,10155001,
311,4,10155002,
311,5,10155003,
311,6,10155004,
311,7,10155005,
311,8,10155006,
311,9,10155007,
311,10,10155008,
312,1,10155009,
312,2,10155010,
312,3,10155011,
312,4,10155012,
312,5,10155013,
312,6,10155014,
312,7,10155015,
312,8,10155016,
312,9,10155033,
312,10,10155034,
313,1,10155035,
313,2,10155036,
313,3,10155037,
313,4,10155038,
313,5,10155039,
313,6,10155040,
313,7,10155041,
313,8,10155042,
313,9,10155043,
313,10,10155044,
314,1,10155045,
314,2,10155046,
314,3,10155047,
314,4,10155048,
314,5,10155049,
314,6,10155050,
314,7,10155051,
314,8,10155052,
314,9,10155069,
314,10,10155070,
315,1,10155071,
315,2,10155072,
315,3,10155073,
315,4,10155074,
315,5,10155075,
315,6,10155076,
315,7,10155077,
315,8,10155078,
315,9,10155079,
315,10,10155080,
316,1,10155081,
316,2,10155082,
316,3,10155083,
316,4,10155084,
316,5,10155085,
316,6,10155086,
316,7,10155087,
316,8,10155088,
316,9,10155089,
316,10,10155090,
317,1,10155091,
317,2,10155092,
317,3,10155093,
317,4,10155094,
317,5,10156001,
317,6,10156002,
317,7,10156003,
317,8,10156004,
317,9,10156005,
317,10,10156006,
318,1,10156007,
318,2,10156008,
318,3,10156009,
318,4,10156010,
318,5,10156011,
318,6,10156012,
318,7,10156013,
318,8,10156014,
318,9,10156015,
318,10,10156016,
319,1,10156017,
319,2,10156018,
319,3,10156019,
319,4,10156020,
319,5,10156021,
319,6,10156022,
319,7,10156023,
319,8,10156024,
319,9,10156025,
319,10,10156026,
320,1,10156027,
320,2,10156028,
320,3,10156029,
320,4,10156030,
320,5,10156031,
320,6,10156032,
320,7,10156033,
320,8,10156034,
320,9,10156035,
320,10,10156036,
321,1,10156037,
321,2,10156038,
321,3,10156039,
321,4,10156040,
321,5,10156041,
321,6,10156042,
321,7,10156043,
321,8,10156044,
321,9,10156045,
321,10,10156046,
322,1,10156047,
322,2,10156048,
322,3,10156049,
322,4,10156050,
322,5,10156051,
322,6,10156052,
322,7,10156053,
322,8,10156054,
322,9,10156055,
322,10,10156056,
323,1,10156057,
323,2,10156058,
323,3,10156059,
323,4,10156060,
323,5,10156061,
323,6,10156062,
323,7,10156063,
323,8,10156064,
323,9,10156065,
323,10,10156066,
324,1,10156067,
324,2,10156068,
324,3,10156069,
324,4,10156070,
324,5,10156071,
324,6,10156072,
324,7,10156073,
324,8,10156074,
324,9,10156075,
324,10,10156076,
325,1,10157001,
325,2,10157002,
325,3,10157003,
325,4,10157004,
325,5,10157005,
325,6,10157006,
325,7,10157007,
325,8,10157008,
325,9,10157009,
325,10,10157010,
326,1,10157011,
326,2,10157012,
326,3,10157013,
326,4,10157014,
326,5,10157015,
326,6,10157016,
326,7,10157017,
326,8,10157018,
326,9,10157019,
326,10,10157020,
327,1,10157021,
327,2,10157022,
327,3,10157023,
327,4,10157024,
327,5,10157068,
327,6,10157069,
327,7,10157070,
327,8,10157071,
327,9,10157029,
327,10,10157030,
328,1,10157031,
328,2,10157032,
328,3,10157033,
328,4,10157034,
328,5,10157035,
328,6,10157036,
328,7,10157037,
328,8,10157038,
328,9,10157039,
328,10,10157040,
329,1,10157041,
329,2,10157042,
329,3,10157043,
329,4,10157044,
329,5,10157045,
329,6,10157046,
329,7,10157047,
329,8,10157048,
329,9,10157052,
329,10,10157053,
330,1,10157054,
330,2,10157055,
330,3,10157056,
330,4,10157057,
330,5,10157058,
330,6,10157059,
330,7,10157060,
330,8,10157061,
330,9,10157062,
330,10,10157063,
331,1,10157064,
331,2,10157065,
331,3,10157066,
331,4,10157067,
331,5,10157025,
331,6,10157026,
331,7,10157027,
331,8,10157028,
331,9,10157072,
331,10,10157073,
332,1,10157074,
332,2,10157075,
332,3,10157076,
332,4,10157077,
332,5,10157078,
332,6,10157079,
332,7,10157080,
332,8,10157081,
332,9,10157082,
332,10,10157083,
333,1,10157084,
333,2,10157085,
333,3,10157086,
333,4,10157087,
333,5,10157088,
333,6,10157089,
333,7,10157090,
333,8,10157091,
333,9,10157092,
333,10,10157093,
334,1,10157094,
334,2,10157095,
334,3,10157049,
334,4,10157050,
334,5,10157051,
334,6,10157096,
334,7,10157097,
334,8,10158001,
334,9,10158002,
334,10,10158003,
335,1,10158004,
335,2,10158005,
335,3,10158006,
335,4,10158007,
335,5,10158008,
335,6,10158009,
335,7,10158010,
335,8,10158011,
335,9,10158012,
335,10,10158013,
336,1,10158014,
336,2,10158015,
336,3,10158016,
336,4,10158017,
336,5,10158018,
336,6,10158019,
336,7,10158020,
336,8,10158021,
336,9,10158022,
336,10,10158023,
337,1,10158024,
337,2,10158025,
337,3,10158026,
337,4,10158027,
337,5,10158028,
337,6,10158029,
337,7,10158030,
337,8,10158031,
337,9,10158032,
337,10,10158033,
338,1,10158034,
338,2,10158035,
338,3,10158036,
338,4,10158037,
338,5,10158038,
338,6,10158039,
338,7,10158040,
338,8,10158041,
338,9,10158042,
338,10,10158043,
339,1,10158044,
339,2,10158045,
339,3,10158046,
339,4,10158047,
339,5,10158048,
339,6,10158069,
339,7,10158070,
339,8,10158071,
339,9,10158072,
339,10,10158073,
340,1,10158074,
340,2,10158075,
340,3,10158076,
340,4,10158077,
340,5,10158078,
340,6,10158079,
340,7,10158080,
340,8,10158081,
340,9,10158082,
340,10,10158083,
341,1,10158084,
341,2,99963033,
341,3,99963034,
341,4,99963035,
341,5,99963036,
341,6,99963037,
341,7,99963038,
341,8,99963039,
341,9,99963040,
341,10,99963041,
342,1,99963042,
342,2,99963043,
342,3,99963044,
342,4,99963045,
342,5,99963046,
342,6,99963047,
342,7,99963048,
342,8,99963049,
342,9,99963050,
342,10,99963051,
343,1,99963052,
343,2,99963053,
343,3,99963054,
343,4,99963055,
343,5,99963056,
343,6,99963057,
343,7,99963058,
343,8,99963059,
343,9,99963060,
343,10,99963061,
344,1,99963062,
344,2,99963063,
344,3,99963064,
344,4,10158049,
344,5,10158050,
344,6,10158051,
344,7,10158052,
344,8,10158053,
344,9,10158054,
344,10,10158055,
345,1,10158056,
345,2,10158057,
345,3,10158058,
345,4,10158059,
345,5,10158060,
345,6,10158061,
345,7,10158062,
345,8,10158063,
345,9,10158064,
345,10,10158065,
346,1,10158066,
346,2,10158067,
346,3,10158068,
346,4,10159001,
346,5,10159002,
346,6,10159003,
346,7,10159004,
346,8,10159005,
346,9,10159006,
346,10,10159007,
347,1,10159008,
347,2,10159009,
347,3,10159010,
347,4,10159011,
347,5,10159012,
347,6,10159013,
347,7,10159014,
347,8,10159015,
347,9,10159016,
347,10,10159017,
348,1,10159018,
348,2,10159019,
348,3,10159020,
348,4,10159021,
348,5,10159022,
348,6,10159023,
348,7,10159024,
348,8,10159025,
348,9,10159026,
348,10,10159027,
349,1,10159028,
349,2,10159029,
349,3,10159030,
349,4,10159031,
349,5,10159032,
349,6,10159033,
349,7,10159034,
349,8,10159035,
349,9,10159036,
349,10,10159037,
350,1,10159038,
350,2,10159039,
350,3,10159040,
350,4,10159041,
350,5,10159042,
350,6,10159043,
350,7,10159044,
350,8,10159045,
350,9,10159046,
350,10,10159047,
351,1,10159048,
351,2,10159072,
351,3,10159077,
351,4,10159078,
351,5,10159079,
351,6,10159068,
351,7,10159049,
351,8,10159050,
351,9,10159051,
351,10,10159052,
352,1,10159053,
352,2,10159054,
352,3,10159055,
352,4,10159056,
352,5,10159057,
352,6,10159058,
352,7,10159059,
352,8,10159060,
352,9,10159061,
352,10,10159062,
353,1,10159063,
353,2,10159064,
353,3,10159073,
353,4,10159074,
353,5,10159075,
353,6,10159076,
353,7,10160001,
353,8,10160002,
353,9,10160003,
353,10,10160004,
354,1,10160005,
354,2,10160006,
354,3,10160007,
354,4,10160008,
354,5,10160009,
354,6,10160010,
354,7,10160011,
354,8,10160012,
354,9,10160013,
354,10,10160014,
355,1,10160015,
355,2,10160016,
355,3,10160017,
355,4,10160018,
355,5,10160019,
355,6,10160020,
355,7,10160021,
355,8,10160022,
355,9,10160023,
355,10,10160024,
356,1,10160025,
356,2,10160026,
356,3,10160027,
356,4,10160028,
356,5,10160029,
356,6,10160030,
356,7,10160031,
356,8,10160032,
356,9,10160033,
356,10,10160034,
357,1,10160035,
357,2,10160036,
357,3,10160037,
357,4,10160038,
357,5,10160039,
357,6,10160040,
357,7,10160041,
357,8,10160042,
357,9,10160043,
357,10,10160044,
358,1,10160045,
358,2,10160046,
358,3,10160047,
358,4,10160048,
358,5,10160053,
358,6,10160054,
358,7,10160055,
358,8,10160056,
358,9,10160069,
358,10,10160070,
359,1,10160071,
359,2,10160072,
359,3,10160073,
359,4,10160074,
359,5,10160075,
359,6,10160076,
359,7,10160077,
359,8,10160078,
359,9,10160079,
359,10,10160080,
360,1,10160081,
360,2,10160082,
360,3,10160083,
360,4,10160084,
360,5,10161001,
360,6,10161002,
360,7,10161003,
360,8,10161004,
360,9,10161005,
360,10,10161006,
361,1,10161007,
361,2,10161008,
361,3,10161009,
361,4,10161010,
361,5,10161011,
361,6,10161012,
361,7,10161013,
361,8,10161014,
361,9,10161015,
361,10,10161016,
362,1,10161041,
362,2,10161042,
362,3,10161043,
362,4,10161044,
362,5,10161033,
362,6,10161034,
362,7,10161035,
362,8,10161036,
362,9,10161074,
362,10,10161075,
363,1,10161076,
363,2,10161077,
363,3,10161078,
363,4,10161079,
363,5,10161080,
363,6,10161081,
363,7,10161025,
363,8,10161026,
363,9,10161027,
363,10,10161028,
364,1,10161017,
364,2,10161018,
364,3,10161019,
364,4,10161020,
364,5,10161021,
364,6,10161022,
364,7,10161023,
364,8,10161024,
364,9,10161029,
364,10,10161030,
365,1,10161031,
365,2,10161032,
365,3,10161049,
365,4,10161050,
365,5,10161051,
365,6,10161052,
365,7,10161053,
365,8,10161054,
365,9,10161055,
365,10,10161056,
366,1,10161057,
366,2,10161058,
366,3,10161059,
366,4,10161060,
366,5,10161061,
366,6,10161062,
366,7,10161063,
366,8,10161064,
366,9,10161065,
366,10,10161066,
367,1,10161067,
367,2,10161068,
367,3,10161037,
367,4,10161038,
367,5,10161039,
367,6,10161040,
367,7,10161045,
367,8,10161046,
367,9,10161047,
367,10,10161048,
368,1,10161086,
368,2,10161087,
368,3,10161088,
368,4,10161089,
368,5,10161082,
368,6,10161083,
368,7,10161084,
368,8,10161085,
368,9,10161069,
368,10,10161070,
369,1,10161071,
369,2,10161072,
369,3,10161073,
369,4,10162033,
369,5,10162034,
369,6,10162035,
369,7,10162036,
369,8,10162037,
369,9,10162038,
369,10,10162039,
370,1,10162040,
370,2,10162041,
370,3,10162042,
370,4,10162043,
370,5,10162044,
370,6,10162045,
370,7,10162046,
370,8,10162047,
370,9,10162048,
370,10,10162017,
371,1,10162018,
371,2,10162019,
371,3,10162020,
371,4,10162021,
371,5,10162022,
371,6,10162023,
371,7,10162024,
371,8,10162025,
371,9,10162026,
371,10,10162027,
372,1,10162028,
372,2,10162029,
372,3,10162030,
372,4,10162031,
372,5,10162032,
372,6,10162069,
372,7,10162049,
372,8,10162050,
372,9,10162051,
372,10,10162052,
373,1,10162053,
373,2,10162054,
373,3,10162055,
373,4,10162056,
373,5,10162057,
373,6,10162058,
373,7,10162059,
373,8,10162060,
373,9,10162061,
373,10,10162062,
374,1,10162063,
374,2,10162064,
374,3,10162076,
374,4,10162077,
374,5,10162078,
374,6,10162079,
374,7,10162065,
374,8,10162066,
374,9,10162067,
374,10,10162068,
375,1,10162070,
375,2,10162071,
375,3,10162072,
375,4,10162073,
375,5,10162074,
375,6,10162075,
375,7,10162004,
375,8,10163001,
375,9,10163002,
375,10,10163003,
376,1,10163004,
376,2,10163005,
376,3,10163006,
376,4,10163007,
376,5,10163008,
376,6,10163009,
376,7,10163010,
376,8,10163011,
376,9,10163012,
376,10,10163013,
377,1,10163014,
377,2,10163015,
377,3,10163016,
377,4,10163017,
377,5,10163018,
377,6,10163019,
377,7,10163020,
377,8,10163025,
377,9,10163026,
377,10,10163027,
378,1,10163028,
378,2,10163029,
378,3,10163030,
378,4,10163031,
378,5,10163032,
378,6,10163065,
378,7,10163066,
378,8,10163067,
378,9,10163068,
378,10,10163069,
379,1,10163070,
379,2,10163071,
379,3,10163072,
379,4,10163073,
379,5,10163074,
379,6,10163075,
379,7,10163076,
379,8,10163077,
379,9,10163078,
379,10,10163079,
380,1,10163080,
380,2,10163033,
380,3,10163034,
380,4,10163035,
380,5,10163036,
380,6,10163037,
380,7,10163038,
380,8,10163039,
380,9,10163040,
380,10,10163041,
381,1,10163042,
381,2,10163043,
381,3,10163044,
381,4,10163045,
381,5,10163046,
381,6,10163047,
381,7,10163048,
381,8,10163049,
381,9,10163050,
381,10,10163051,
382,1,10163052,
382,2,10163053,
382,3,10163054,
382,4,10163055,
382,5,10163056,
382,6,10163057,
382,7,10163058,
382,8,10163059,
382,9,10163060,
382,10,10163061,
383,1,10163062,
383,2,10163063,
383,3,10163064,
383,4,10163081,
383,5,10163082,
383,6,10163083,
383,7,10163084,
383,8,10163085,
383,9,10163086,
383,10,10163087,
384,1,10163088,
384,2,10163089,
384,3,10163090,
384,4,10163091,
384,5,10163092,
384,6,10164033,
384,7,10164034,
384,8,10164035,
384,9,10164036,
384,10,10164037,
385,1,10164038,
385,2,10164039,
385,3,10164040,
385,4,10164041,
385,5,10164042,
385,6,10164043,
385,7,10164044,
385,8,10164045,
385,9,10164046,
385,10,10164047,
386,1,10164048,
386,2,10164017,
386,3,10164018,
386,4,10164019,
386,5,10164020,
386,6,10164021,
386,7,10164022,
386,8,10164023,
386,9,10164024,
386,10,10164025,
387,1,10164026,
387,2,10164027,
387,3,10164028,
387,4,10164029,
387,5,10164030,
387,6,10164031,
387,7,10164032,
387,8,10164065,
387,9,10164066,
387,10,10164067,
388,1,10164068,
388,2,11001010,
388,3,11001011,
388,4,11001012,
388,5,11001013,
388,6,11001014,
388,7,11001015,
388,8,11001016,
388,9,11001017,
388,10,11001018,
389,1,11001019,
389,2,11001050,
389,3,11001051,
389,4,11001052,
389,5,11001053,
389,6,11001054,
389,7,11001020,
389,8,11001021,
389,9,11001022,
389,10,11001023,
390,1,11001024,
390,2,11001025,
390,3,11001026,
390,4,11001027,
390,5,11001028,
390,6,11001029,
390,7,11001060,
390,8,11001061,
390,9,11001062,
390,10,11001063,
391,1,11001064,
391,2,11001030,
391,3,11001031,
391,4,11001032,
391,5,11001033,
391,6,11001034,
391,7,11001035,
391,8,11001036,
391,9,11001037,
391,10,11001038,
392,1,11001039,
392,2,11001070,
392,3,11001071,
392,4,11001072,
392,5,11001073,
392,6,11001074,
392,7,11001040,
392,8,11001041,
392,9,11001042,
392,10,11001043,
393,1,11001044,
393,2,11001045,
393,3,11001046,
393,4,11001047,
393,5,11001048,
393,6,11001049,
393,7,11001080,
393,8,11001081,
393,9,11001082,
393,10,11001083,
394,1,11001084,
394,2,20002026,
394,3,20002027,
394,4,20002028,
394,5,20002029,
394,6,20002030,
394,7,20002031,
394,8,20002032,
394,9,20002033,
394,10,20002034,
395,1,20002035,
395,2,20002036,
395,3,20002037,
395,4,10164001,
395,5,10164002,
395,6,10164003,
395,7,10164004,
395,8,10164005,
395,9,10164006,
395,10,10164007,
396,1,10164008,
396,2,10164009,
396,3,10164010,
396,4,10164011,
396,5,10164012,
396,6,10164013,
396,7,10164014,
396,8,10164015,
396,9,10164016,
396,10,10164052,
397,1,10164070,
397,2,10164071,
397,3,10164072,
397,4,10164073,
397,5,10164074,
397,6,10164075,
397,7,99965001,
397,8,99965002,
397,9,99965003,
397,10,99965004,
398,1,99965005,
398,2,99965006,
398,3,99965007,
398,4,99965008,
398,5,99965009,
398,6,99965010,
398,7,99965011,
398,8,99965012,
398,9,99965013,
398,10,99965014,
399,1,99965015,
399,2,99965016,
399,3,99966001,
399,4,99966002,
399,5,99966003,
399,6,99966004,
399,7,99966005,
399,8,99966006,
399,9,99966007,
399,10,99966008,
400,1,99966009,
400,2,99966010,
400,3,99966011,
400,4,99966012,
400,5,99966013,
400,6,99966014,
400,7,99966015,
400,8,99966016,
400,9,99966017,
400,10,99966018,
401,1,99966019,
401,2,99966020,
401,3,99966021,
401,4,99966022,
401,5,99966023,
401,6,99966024,
401,7,99966025,
401,8,99966026,
401,9,99966027,
401,10,99966028,
402,1,99966029,
402,2,99966030,
402,3,99966031,
402,4,99966032,
402,5,99966033,
402,6,99966034,
402,7,99966035,
402,8,99966036,
402,9,99966037,
402,10,99966038,
403,1,99966039,
403,2,99966040,
403,3,99966041,
403,4,99966042,
403,5,99966043,
403,6,99966044,
403,7,99966045,
403,8,99966046,
403,9,99966047,
403,10,99966048,
404,1,99966049,
404,2,99966050,
404,3,99966051,
404,4,99966052,
404,5,99966053,
404,6,99966054,
404,7,99966055,
404,8,99966056,
404,9,99966057,
404,10,99966058,
405,1,99966059,
405,2,99966060,
405,3,99966061,
405,4,99966062,
405,5,99966063,
405,6,99966064,
405,7,99966065,
405,8,99966066,
405,9,99967001,
405,10,99967002,
406,1,99967003,
406,2,99967004,
406,3,99967005,
406,4,99967006,
406,5,99967007,
406,6,99967008,
406,7,99967009,
406,8,99967010,
406,9,99967011,
406,10,99967012,
407,1,99968001,
407,2,99968002,
407,3,99968003,
407,4,99968004,
407,5,99968005,
407,6,99968006,
407,7,99968007,
407,8,99968008,
407,9,99968009,
407,10,99968010,
408,1,99968011,
408,2,99968012,
408,3,99968013,
408,4,99968014,
408,5,99968015,
408,6,99968016,
408,7,99968017,
408,8,99968018,
408,9,99968019,
408,10,99968020,
409,1,99968021,
409,2,99968022,
409,3,99968023,
409,4,99968024,
409,5,99968025,
409,6,99968026,
409,7,99968027,
409,8,99968028,
409,9,99968029,
409,10,99968030,
410,1,99968031,
410,2,99968032,
410,3,99968033,
410,4,99968034,
410,5,99968035,
410,6,99968036,
410,7,99968037,
410,8,99968038,
410,9,99968039,
410,10,99968040,
411,1,99968041,
411,2,99968042,
411,3,99968043,
411,4,99968044,
411,5,10164069,
411,6,10165065,
411,7,10165066,
411,8,10165067,
411,9,10165068,
411,10,10165069,
412,1,10165070,
412,2,10165071,
412,3,10165072,
412,4,10165073,
412,5,10165074,
412,6,10165075,
412,7,10165076,
412,8,10165077,
412,9,10165078,
412,10,10165079,
413,1,10165080,
413,2,99969069,
413,3,99969070,
413,4,99969071,
413,5,99969072,
413,6,10165125,
413,7,10165126,
413,8,10165127,
413,9,10165128,
413,10,10165129,
414,1,10165130,
414,2,10165131,
414,3,10166001,
414,4,10166002,
414,5,10166003,
414,6,10166004,
414,7,10166005,
414,8,10166006,
414,9,10166007,
414,10,10166008,
415,1,10166009,
415,2,10166010,
415,3,10166011,
415,4,10166012,
415,5,10166013,
415,6,10166014,
415,7,10166015,
415,8,10166016,
415,9,10166127,
415,10,10166128,
416,1,10166129,
416,2,10166130,
416,3,10166123,
416,4,10166124,
416,5,10166125,
416,6,10166126,
416,7,10166025,
416,8,10166026,
416,9,10166027,
416,10,10166028,
417,1,10166029,
417,2,10166030,
417,3,10166031,
417,4,10166032,
417,5,10166033,
417,6,10166034,
417,7,10166035,
417,8,10166036,
417,9,10166104,
417,10,10166105,
418,1,10166106,
418,2,10166107,
418,3,10166055,
418,4,10166056,
418,5,10166057,
418,6,10166058,
418,7,10166067,
418,8,10166068,
418,9,10166069,
418,10,10166070,
419,1,10166059,
419,2,10166060,
419,3,10166061,
419,4,10166062,
419,5,10166063,
419,6,10166064,
419,7,10166065,
419,8,10166066,
419,9,10166037,
419,10,10166038,
420,1,10166043,
420,2,10166044,
420,3,10166045,
420,4,10166046,
420,5,10166039,
420,6,10166040,
420,7,10166041,
420,8,10166042,
420,9,10166047,
420,10,10166048,
421,1,10166049,
421,2,10166050,
421,3,10166051,
421,4,10166052,
421,5,10166053,
421,6,10166054,
421,7,10166017,
421,8,10166018,
421,9,10166019,
421,10,10166020,
422,1,10166021,
422,2,10166022,
422,3,10166023,
422,4,10166024,
422,5,10166119,
422,6,10166120,
422,7,10166121,
422,8,10166122,
422,9,10166115,
422,10,10166116,
423,1,10166117,
423,2,10166118,
423,3,10166071,
423,4,10166108,
423,5,10166072,
423,6,10166073,
423,7,10166074,
423,8,10166075,
423,9,10166076,
423,10,10166077,
424,1,10166078,
424,2,10166079,
424,3,10166080,
424,4,10166081,
424,5,10166082,
424,6,10166083,
424,7,10166084,
424,8,10166085,
424,9,10166086,
424,10,10166087,
425,1,10166088,
425,2,10166089,
425,3,10166090,
425,4,10166091,
425,5,10166092,
425,6,10166093,
425,7,10166094,
425,8,10166095,
425,9,10166096,
425,10,10166097,
426,1,10166098,
426,2,10166099,
426,3,10166100,
426,4,10166101,
426,5,10166102,
426,6,10166103,
426,7,10166112,
426,8,10166113,
426,9,10166114,
426,10,99969000,
427,1,99969001,
427,2,99969002,
427,3,99969003,
427,4,99969004,
427,5,99969005,
427,6,99969006,
427,7,99969007,
427,8,99969008,
427,9,99969009,
427,10,99969010,
428,1,99969011,
428,2,99969012,
428,3,99969013,
428,4,99969014,
428,5,99969015,
428,6,99969016,
428,7,99969017,
428,8,99969018,
428,9,99969019,
428,10,99969020,
429,1,99969021,
429,2,99969022,
429,3,99969023,
429,4,99969024,
429,5,99969025,
429,6,99969026,
429,7,99969027,
429,8,99969028,
429,9,99969029,
429,10,99969030,
430,1,99969031,
430,2,99969032,
430,3,99969033,
430,4,99969034,
430,5,99969035,
430,6,99969036,
430,7,99969037,
430,8,99969038,
430,9,99969039,
430,10,99969040,
431,1,99969041,
431,2,99969042,
431,3,99969043,
431,4,99969044,
431,5,99969045,
431,6,99969046,
431,7,99969047,
431,8,99969048,
431,9,99969049,
431,10,99969050,
432,1,99969051,
432,2,99969052,
432,3,99969053,
432,4,99969054,
432,5,99969055,
432,6,99969056,
432,7,99969057,
432,8,99969058,
432,9,99969059,
432,10,99969060,
433,1,99969061,
433,2,99969062,
433,3,99969063,
433,4,99969064,
433,5,99969065,
433,6,99969066,
433,7,99969067,
433,8,10166109,
433,9,10166110,
433,10,10166111,
434,1,10167001,
434,2,10167002,
434,3,10167003,
434,4,10167004,
434,5,10167005,
434,6,10167006,
434,7,10167007,
434,8,10167008,
434,9,10167009,
434,10,10167010,
435,1,10167011,
435,2,10167012,
435,3,10167013,
435,4,10167014,
435,5,10167015,
435,6,10167016,
435,7,10167017,
435,8,10167018,
435,9,10167019,
435,10,10167020,
436,1,10167021,
436,2,10167022,
436,3,10167023,
436,4,10167024,
436,5,10167025,
436,6,10167026,
436,7,10167027,
436,8,10167028,
436,9,10167029,
436,10,10167030,
437,1,10167031,
437,2,10167032,
437,3,10167033,
437,4,10167034,
437,5,10167035,
437,6,10167036,
437,7,10167041,
437,8,10167042,
437,9,10167043,
437,10,10167044,
438,1,10167045,
438,2,10167046,
438,3,10167047,
438,4,10167048,
438,5,10167079,
438,6,10167080,
438,7,10167081,
438,8,10167082,
438,9,10167083,
438,10,10167084,
439,1,10167085,
439,2,10167086,
439,3,10167037,
439,4,10167038,
439,5,10167039,
439,6,10167040,
439,7,10167103,
439,8,10167104,
439,9,10167105,
439,10,10167106,
440,1,10167107,
440,2,10167108,
440,3,10167109,
440,4,10167110,
440,5,10167095,
440,6,10167096,
440,7,10167097,
440,8,10167098,
440,9,10167099,
440,10,10167100,
441,1,10167101,
441,2,10167102,
441,3,10167073,
441,4,10167074,
441,5,10167075,
441,6,10167076,
441,7,10167077,
441,8,10167078,
441,9,10167060,
441,10,10168001,
442,1,10168002,
442,2,10168003,
442,3,10168004,
442,4,10168005,
442,5,10168006,
442,6,10168007,
442,7,10168008,
442,8,10168009,
442,9,10168010,
442,10,10168011,
443,1,10168012,
443,2,10168013,
443,3,10168014,
443,4,10168015,
443,5,10168016,
443,6,10168017,
443,7,10168018,
443,8,10168019,
443,9,10168020,
443,10,10168021,
444,1,10168022,
444,2,10168023,
444,3,10168024,
444,4,10168025,
444,5,10168026,
444,6,10168027,
444,7,10168028,
444,8,10168029,
444,9,10168030,
444,10,10168031,
445,1,10168032,
445,2,10168033,
445,3,10168034,
445,4,10168035,
445,5,10168036,
445,6,10168037,
445,7,10168038,
445,8,10168039,
445,9,10168040,
445,10,10168041,
446,1,10168042,
446,2,10168043,
446,3,10168044,
446,4,10168045,
446,5,10168046,
446,6,10168047,
446,7,10168048,
446,8,10168049,
446,9,10168050,
446,10,10168051,
447,1,10168052,
447,2,10168053,
447,3,10168054,
447,4,10168055,
447,5,10168056,
447,6,10168057,
447,7,10168058,
447,8,10168059,
447,9,10168060,
447,10,10168061,
448,1,10168062,
448,2,10168063,
448,3,10168064,
448,4,10168065,
448,5,10168066,
448,6,10168067,
448,7,10168068,
448,8,10168069,
448,9,10168070,
448,10,10168071,
449,1,10168072,
449,2,10168073,
449,3,10168074,
449,4,10168075,
449,5,10168076,
449,6,10168077,
449,7,10168078,
449,8,10168079,
449,9,10168080,
449,10,10168081,
450,1,10169073,
450,2,10169074,
450,3,10169075,
450,4,10169076,
450,5,10169077,
450,6,10169078,
450,7,10169079,
450,8,10169080,
450,9,10169081,
450,10,10169082,
451,1,10169083,
451,2,10169084,
451,3,10169085,
451,4,10169086,
451,5,10169087,
451,6,10169088,
451,7,10169001,
451,8,10169002,
451,9,10169003,
451,10,10169004,
452,1,10169005,
452,2,10169006,
452,3,10169007,
452,4,10169008,
452,5,10169009,
452,6,10169010,
452,7,10169011,
452,8,10169012,
452,9,10169013,
452,10,10169014,
453,1,10169015,
453,2,10169016,
453,3,10169017,
453,4,10169018,
453,5,10169019,
453,6,10169020,
453,7,10169021,
453,8,10169022,
453,9,10169023,
453,10,10169024,
454,1,10169025,
454,2,10169026,
454,3,10169027,
454,4,10169028,
454,5,10169029,
454,6,10169030,
454,7,10169031,
454,8,10169032,
454,9,10169033,
454,10,10169034,
455,1,10169035,
455,2,10169036,
455,3,10169037,
455,4,10169038,
455,5,10169039,
455,6,10169040,
455,7,10169041,
455,8,10169042,
455,9,10169043,
455,10,10169044,
456,1,10169045,
456,2,10169046,
456,3,10169047,
456,4,10169048,
456,5,10169049,
456,6,10169050,
456,7,10169051,
456,8,10169052,
456,9,10169053,
456,10,10169054,
457,1,10169055,
457,2,10169056,
457,3,10169057,
457,4,10169058,
457,5,10169059,
457,6,10169060,
457,7,10169061,
457,8,10169062,
457,9,10169063,
457,10,10169064,
458,1,10169065,
458,2,10169066,
458,3,10169067,
458,4,10169068,
458,5,10169069,
458,6,10169070,
458,7,10169071,
458,8,10169072,
458,9,10169091,
458,10,10169092,
459,1,10169093,
459,2,10169094,
459,3,10169095,
459,4,10169096,
459,5,10169089,
459,6,10169090,
459,7,10170001,
459,8,10170002,
459,9,10170003,
459,10,10170004,
460,1,10170005,
460,2,10170006,
460,3,10170007,
460,4,10170008,
460,5,10170009,
460,6,10170010,
460,7,10170011,
460,8,10170012,
460,9,10170013,
460,10,10170014,
461,1,10170015,
461,2,10170016,
461,3,10170021,
461,4,10170022,
461,5,10170023,
461,6,10170024,
461,7,10170017,
461,8,10170018,
461,9,10170019,
461,10,10170020,
462,1,10170029,
462,2,10170030,
462,3,10170031,
462,4,10170032,
462,5,10170025,
462,6,10170026,
462,7,10170027,
462,8,10170028,
462,9,10170033,
462,10,10170034,
463,1,10170035,
463,2,10170036,
463,3,10170037,
463,4,10170038,
463,5,10170039,
463,6,10170040,
463,7,10170041,
463,8,10170042,
463,9,10170043,
463,10,10170044,
464,1,10170045,
464,2,10170046,
464,3,10170047,
464,4,10170048,
464,5,10170049,
464,6,10170050,
464,7,10170051,
464,8,10170052,
464,9,99971000,
464,10,99971001,
465,1,99971002,
465,2,99971003,
465,3,99971004,
465,4,99971005,
465,5,99971006,
465,6,99971007,
465,7,99971008,
465,8,99971009,
465,9,99971010,
465,10,99971011,
466,1,99971012,
466,2,99971013,
466,3,99971014,
466,4,99971015,
466,5,99971016,
466,6,99971017,
466,7,99971018,
466,8,99971019,
466,9,99971020,
466,10,99971021,
467,1,99971022,
467,2,99971023,
467,3,99971024,
467,4,99971025,
467,5,99971026,
467,6,99971027,
467,7,99971028,
467,8,99971029,
467,9,99971030,
467,10,99971031,
468,1,99971032,
468,2,99971033,
468,3,99971034,
468,4,99971035,
468,5,99971036,
468,6,99971037,
468,7,99971038,
468,8,99971039,
468,9,99971040,
468,10,99971041,
469,1,99971042,
469,2,99971043,
469,3,99971044,
469,4,99971045,
469,5,99971046,
469,6,99971047,
469,7,99971048,
469,8,99971049,
469,9,99971050,
469,10,99971051,
470,1,99971052,
470,2,99971053,
470,3,99971054,
470,4,99971055,
470,5,99971056,
470,6,99971057,
470,7,99971058,
470,8,99971059,
470,9,99971060,
470,10,99971061,
471,1,99971062,
471,2,99971063,
471,3,99971064,
471,4,99971065,
471,5,99971066,
471,6,99971067,
471,7,99971068,
471,8,99971069,
471,9,99971070,
471,10,99971071,
472,1,99971072,
472,2,99971073,
472,3,99971074,
472,4,99971075,
472,5,99971076,
472,6,99971077,
472,7,99971078,
472,8,99971079,
472,9,99971080,
472,10,99971081,
473,1,99971082,
473,2,99971083,
473,3,99971084,
473,4,99971085,
473,5,99971086,
473,6,99971087,
473,7,99971088,
473,8,99971089,
473,9,99971090,
473,10,99971091,
474,1,99971092,
474,2,99971093,
474,3,99971094,
474,4,99971095,
474,5,99971096,
474,6,99971097,
474,7,99971098,
474,8,99971099,
474,9,99971100,
474,10,99971101,
475,1,99971102,
475,2,99971103,
475,3,99971104,
475,4,99971105,
475,5,99971106,
475,6,99971107,
475,7,10170053,
475,8,10170054,
475,9,10170055,
475,10,10170056,
476,1,10170057,
476,2,10170058,
476,3,10170059,
476,4,10170060,
476,5,10170061,
476,6,10170062,
476,7,10170063,
476,8,10170064,
476,9,10170065,
476,10,10170066,
477,1,10170067,
477,2,10170068,
477,3,10170069,
477,4,10170070,
477,5,10170071,
477,6,10170072,
477,7,10170073,
477,8,10170074,
477,9,10170075,
477,10,10170076,
478,1,10170077,
478,2,10170078,
478,3,10170079,
478,4,99972000,
478,5,99972001,
478,6,99972002,
478,7,99972003,
478,8,99972004,
478,9,99972005,
478,10,99972006,
479,1,99972007,
479,2,99972008,
479,3,99972009,
479,4,99972010,
479,5,99972011,
479,6,99972012,
479,7,99972013,
479,8,99972014,
479,9,99972015,
479,10,99972016,
480,1,99972017,
480,2,99972018,
480,3,99972019,
480,4,99972020,
480,5,99972021,
480,6,99972022,
480,7,99972023,
480,8,99972024,
480,9,99972025,
480,10,99972026,
481,1,99972027,
481,2,99972028,
481,3,99972029,
481,4,99972030,
481,5,99972031,
481,6,99972032,
481,7,99972033,
481,8,99972034,
481,9,99972035,
481,10,99972036,
482,1,99972037,
482,2,99972038,
482,3,99972039,
482,4,99972040,
482,5,99972041,
482,6,99972042,
482,7,99972043,
482,8,99972044,
482,9,99972045,
482,10,99972046,
483,1,99972047,
483,2,99972048,
483,3,99972049,
483,4,99972050,
483,5,99972051,
483,6,99972052,
483,7,99972053,
483,8,99972054,
483,9,99972055,
483,10,99972056,
484,1,99972057,
484,2,99972058,
484,3,99972059,
484,4,99972060,
484,5,99972061,
484,6,99972062,
484,7,99972063,
484,8,10171061,
484,9,10172001,
484,10,10172002,
485,1,10172003,
485,2,10172004,
485,3,10172037,
485,4,10172038,
485,5,10172039,
485,6,10172040,
485,7,10172041,
485,8,10172042,
485,9,10172043,
485,10,10172044,
486,1,10172005,
486,2,10172006,
486,3,10172007,
486,4,10172008,
486,5,10172021,
486,6,10172022,
486,7,10172023,
486,8,10172024,
486,9,10172029,
486,10,10172030,
487,1,10172031,
487,2,10172032,
487,3,10172025,
487,4,10172026,
487,5,10172027,
487,6,10172028,
487,7,10172017,
487,8,10172018,
487,9,10172019,
487,10,10172020,
488,1,10172033,
488,2,10172034,
488,3,10172035,
488,4,10172036,
488,5,10172069,
488,6,10172070,
488,7,10172071,
488,8,10172072,
488,9,10172073,
488,10,10172074,
489,1,10172075,
489,2,10172076,
489,3,10172077,
489,4,10172078,
489,5,10172079,
489,6,10172080,
489,7,10172081,
489,8,10172082,
489,9,10172083,
489,10,10172084,
490,1,10172053,
490,2,10172054,
490,3,10172055,
490,4,10172056,
490,5,10172065,
490,6,10172066,
490,7,10172067,
490,8,10172068,
490,9,10172085,
490,10,10172086,
491,1,10172087,
491,2,10172088,
491,3,10172089,
491,4,10172090,
491,5,10172091,
491,6,10172092,
491,7,10172057,
491,8,10173001,
491,9,10173002,
491,10,10173003,
492,1,10173004,
492,2,10173005,
492,3,10173006,
492,4,10173007,
492,5,10173008,
492,6,10173009,
492,7,10173010,
492,8,10173011,
492,9,10173012,
492,10,10173013,
493,1,10173014,
493,2,10173015,
493,3,10173016,
493,4,10173017,
493,5,10173018,
493,6,10173019,
493,7,10173020,
493,8,10173021,
493,9,10173022,
493,10,10173023,
494,1,10173024,
494,2,10173025,
494,3,10173026,
494,4,10173027,
494,5,10173028,
494,6,10173029,
494,7,10173030,
494,8,10173031,
494,9,10173032,
494,10,10173033,
495,1,10173034,
495,2,10173035,
495,3,10173036,
495,4,10173037,
495,5,10173038,
495,6,10173039,
495,7,10173040,
495,8,10173041,
495,9,10173042,
495,10,10173043,
496,1,10173044,
496,2,10173045,
496,3,10173046,
496,4,10173047,
496,5,10173048,
496,6,10173049,
496,7,10173050,
496,8,10173051,
496,9,10173052,
496,10,10173069,
497,1,20000031,
497,2,10173053,
497,3,10173054,
497,4,10173055,
497,5,10173056,
497,6,10173057,
497,7,10173058,
497,8,10173059,
497,9,10173060,
497,10,10173061,
498,1,10173062,
498,2,10173063,
498,3,10173064,
498,4,10173065,
498,5,10173066,
498,6,10173067,
498,7,10173068,
498,8,10174001,
498,9,10174002,
498,10,10174003,
499,1,10174004,
499,2,10174005,
499,3,10174006,
499,4,10174007,
499,5,10174008,
499,6,10174009,
499,7,10174010,
499,8,10174011,
499,9,10174012,
499,10,10174013,
500,1,10174014,
500,2,10174015,
500,3,10174016,
500,4,10174017,
500,5,10174018,
500,6,10174019,
500,7,10174020,
500,8,10174021,
500,9,10174022,
500,10,10174023,
501,1,10174024,
501,2,10174025,
501,3,10174026,
501,4,10174027,
501,5,10174028,
501,6,10174029,
501,7,10174030,
501,8,10174031,
501,9,10174032,
501,10,10174033,
502,1,10174034,
502,2,10174035,
502,3,10174036,
502,4,10174041,
502,5,10174042,
502,6,10174043,
502,7,10174044,
502,8,10174045,
502,9,10174046,
502,10,10174047,
503,1,10174048,
503,2,10174049,
503,3,10174050,
503,4,10174051,
503,5,10174052,
503,6,10174053,
503,7,10174054,
503,8,10174055,
503,9,10174056,
503,10,10174037,
504,1,10174038,
504,2,10174039,
504,3,10174040,
504,4,10174057,
504,5,10174058,
504,6,10174059,
504,7,10174060,
504,8,10174061,
504,9,10174062,
504,10,10174063,
505,1,10174064,
505,2,10174065,
505,3,10174066,
505,4,10174067,
505,5,10174068,
505,6,10174069,
505,7,10174070,
505,8,10174071,
505,9,10174072,
505,10,10174073,
506,1,10175053,
506,2,10175054,
506,3,10175055,
506,4,10175056,
506,5,10175057,
506,6,10175058,
506,7,10175059,
506,8,10175060,
506,9,10175061,
506,10,10175062,
507,1,10175063,
507,2,10175064,
507,3,10175065,
507,4,10175066,
507,5,10175067,
507,6,10175068,
507,7,10175017,
507,8,10175018,
507,9,10175019,
507,10,10175020,
508,1,10175021,
508,2,10175022,
508,3,10175023,
508,4,10175024,
508,5,10175025,
508,6,10175026,
508,7,10175027,
508,8,10175028,
508,9,10175029,
508,10,10175030,
509,1,10175031,
509,2,10175032,
509,3,10175033,
509,4,10175034,
509,5,10175035,
509,6,10175036,
509,7,10175069,
509,8,10175070,
509,9,10175071,
509,10,10175072,
510,1,10175073,
510,2,10175074,
510,3,10175075,
510,4,10175076,
510,5,10175077,
510,6,10175078,
510,7,10175079,
510,8,10175080,
510,9,10175001,
510,10,10175002,
511,1,10175003,
511,2,10175004,
511,3,10175005,
511,4,10175006,
511,5,10175007,
511,6,10175008,
511,7,10175009,
511,8,10175010,
511,9,10175011,
511,10,10175012,
512,1,10175013,
512,2,10175014,
512,3,10175015,
512,4,10175016,
512,5,10175037,
512,6,10175038,
512,7,10175039,
512,8,10175040,
512,9,10175041,
512,10,10175042,
513,1,10175043,
513,2,10175044,
513,3,10175045,
513,4,10175046,
513,5,10175047,
513,6,10175048,
513,7,10175049,
513,8,10175050,
513,9,10175051,
513,10,10175052,
514,1,10175081,
514,2,10175082,
514,3,10175083,
514,4,10176001,
514,5,10176002,
514,6,10176003,
514,7,10176004,
514,8,10176005,
514,9,10176006,
514,10,10176007,
515,1,10176008,
515,2,10176009,
515,3,10176010,
515,4,10176011,
515,5,10176012,
515,6,10176013,
515,7,10176014,
515,8,10176015,
515,9,10176016,
515,10,10176037,
516,1,10176038,
516,2,10176039,
516,3,10176040,
516,4,10176041,
516,5,10176042,
516,6,10176043,
516,7,10176044,
516,8,10176045,
516,9,10176046,
516,10,10176047,
517,1,10176048,
517,2,10176049,
517,3,10176050,
517,4,10176051,
517,5,10176052,
517,6,10176017,
517,7,10176018,
517,8,10176019,
517,9,10176020,
517,10,10176021,
518,1,10176022,
518,2,10176023,
518,3,10176024,
518,4,10176025,
518,5,10176026,
518,6,10176027,
518,7,10176028,
518,8,10176029,
518,9,10176030,
518,10,10176031,
519,1,10176032,
519,2,10176033,
519,3,10176034,
519,4,10176035,
519,5,10176036,
519,6,10176053,
519,7,10176054,
519,8,10176055,
519,9,10176056,
519,10,10176057,
520,1,10176058,
520,2,10176059,
520,3,10176060,
520,4,10176061,
520,5,10176062,
520,6,10176063,
520,7,10176064,
520,8,10176065,
520,9,10176066,
520,10,10176067,
521,1,10176068,
521,2,99973000,
521,3,99973001,
521,4,99973002,
521,5,99973003,
521,6,99973004,
521,7,99973005,
521,8,99973006,
521,9,99973007,
521,10,99973008,
522,1,99973009,
522,2,99973010,
522,3,99973011,
522,4,99973012,
522,5,99973013,
522,6,99973014,
522,7,99973015,
522,8,99973016,
522,9,99973017,
522,10,99973018,
523,1,99973019,
523,2,99973020,
523,3,99973021,
523,4,99973022,
523,5,99973023,
523,6,99973024,
523,7,99973025,
523,8,99973026,
523,9,99973027,
523,10,99973028,
524,1,99973029,
524,2,99973030,
524,3,99973031,
524,4,99973032,
524,5,99973033,
524,6,99973034,
524,7,99973035,
524,8,99973036,
524,9,99973037,
524,10,99973038,
525,1,99973039,
525,2,99973040,
525,3,99973041,
525,4,99973042,
525,5,99973043,
525,6,99973044,
525,7,99973045,
525,8,99973046,
525,9,99973047,
525,10,99973048,
526,1,99973049,
526,2,99973050,
526,3,99973051,
526,4,99973052,
526,5,99973053,
526,6,99973054,
526,7,99973055,
526,8,99973056,
526,9,99973057,
526,10,99973058,
527,1,99973059,
527,2,99973060,
527,3,99973061,
527,4,99973062,
527,5,99973063,
527,6,99973064,
527,7,99973065,
527,8,99973066,
527,9,99973067,
527,10,99973068,
528,1,99973069,
528,2,99973070,
528,3,99973071,
528,4,99973072,
528,5,99973073,
528,6,99973074,
528,7,99973075,
528,8,99973076,
528,9,99973077,
528,10,99973078,
529,1,99973079,
529,2,99973080,
529,3,99973081,
529,4,99973082,
529,5,99973083,
529,6,99973084,
529,7,99973085,
529,8,99973086,
529,9,99973087,
529,10,99973088,
530,1,99973089,
530,2,99973090,
530,3,99973091,
530,4,99973092,
#530,5,
#530,6,
#530,7,
#530,8,
#530,9,
#530,10,
