#新訓練,,
1001,,
1002,,
1003,,
1004,,
1011,,
1012,,
1013,,
1014,,
1020,,
1031,,
1032,,
1033,,
1034,,
1041,DECK_EDIT,
1042,DECK_EDIT,
1043,DECK_EDIT,
1044,DECK_EDIT,
1045,,
1046,,
1047,,
#旧訓練,,
1,,
2,,
3,,
4,,
11,,
12,,
13,,
14,,
20,,
31,,
32,,
33,,
34,,
41,DECK_EDIT,
42,DECK_EDIT,
43,DECK_EDIT,
44,DECK_EDIT,
45,,
#50,BEGINNER_QUEST,
51,BEGINNER_QUEST,
52,BEGINNER_QUEST,
53,BEGINNER_QUEST,
54,BEGINNER_QUEST,
#60,,
61,,
62,,
63,,
64,,
#70,,
71,,
72,,
73,,
74,,
#80,,
81,,
82,,
83,,
84,,
#90,,
91,,
92,,
93,,
94,,
#100,,
101,,
102,,
103,,
104,,
#110,,
111,,
112,,
113,,
114,,
#120,,
121,,
122,,
123,,
124,,
#130,,
131,,
132,,
133,,
134,,
