#ID,敵1,,,,,,,,,,敵2,,,,,,,,,,敵3,,,,,,,,,,敵4,
#,本体(2D),,本体(3D),,HPゲージ,,,HPゲージ(トランス),,,本体(2D),,本体(3D),,HPゲージ,,,HPゲージ(トランス),,,本体(2D),,本体(3D),,HPゲージ,,,HPゲージ(トランス),,,本体(2D),,本体(3D),,HPゲージ,,,HPゲージ(トランス),
#,x,y,x,y,x,y,z,x,y,z,x,y,x,y,x,y,z,x,y,z,x,y,x,y,x,y,z,x,y,z,x,y,x,y,x,y,z,x,y,z,
S,0,0,,,-75,-10,140,-75,-10,140,
SS,-174,0,,,-75,-10,140,-75,-10,140,174,0,,,-75,-10,140,-75,-10,140,
SSS,-232,0,,,-75,-10,140,-75,-10,140,24,0,,,-75,-10,140,-75,-10,140,282,0,,,-75,-10,105,-75,-10,140,,,,,,,,,,,
M,0,0,,,-75,-10,140,-75,-10,140,
MM,-232,0,,,-75,-10,140,-75,-10,140,232,0,,,-75,-10,140,-75,-10,140,,,,,,,,,,,,,,,,,,,,,
MS,-232,0,,,-75,-10,140,-75,-10,140,232,0,,,-75,-10,140,-75,-10,140,
SM,-232,0,,,-75,-10,140,-75,-10,140,24,0,,,-75,-10,140,-75,-10,140,
MSS,-232,0,,,-75,-10,140,-75,-10,140,24,0,,,-75,-10,140,-75,-10,140,232,0,,,-75,-10,105,-75,-10,140,
SMS,-282,0,,,-75,-10,140,-75,-10,140,24,0,,,-75,-10,140,-75,-10,140,332,0,,,-75,-10,105,-75,-10,140,,,,,,,,,,,
SSM,-282,0,,,-75,-10,140,-75,-10,140,24,0,,,-75,-10,140,-75,-10,140,332,0,,,-75,-10,105,-75,-10,140,
L,0,0,0,0,-117,-8,140,-117,-8,140,
LP,0,0,0,0,-187,-8,140,-187,-8,140,0,0,0,0,93,-10,140,93,-10,140,,,,,,,,,,,,,,,,,,,,,
LPP,0,0,0,0,-257,-8,140,-257,-8,140,0,0,0,0,23,-10,140,23,-10,140,0,0,0,0,181,-10,140,181,-10,140,,,,,,,,,,,
LPPP,0,0,0,0,-327,-8,140,-327,-8,140,0,0,0,0,-47,-10,140,-47,-10,140,0,0,0,0,111,-10,140,111,-10,140,0,0,0,0,270,-10,140,270,-10,140,
AAAA,,,-220,0,-83,-8,140,,,,,,-35,0,-83,-8,140,,,,,,150,0,-83,-8,140,,,,,,335,0,-83,-8,140,,,,
